11 ,emtum onii

1113111111. 11, 40. 111101 811. 111, 177. 001. 1111, 110. 11,111.
Juno Τ. 1, 100. 081. 11, 101. 111. iii, 1. 110110. xii, 170. 8111, 1. 81. 11,
mom. 1110111111. 1111001. 11, 1. 00. 1,1. 111. A. 1 1801101111.
011. 010. x. 118. 181. 11111. 111, 1111
101.100.8.1,1.18.114.110.111. 1111111111, 10
117. 11, 7. 81. 1111100. 1111. 01. 1111111.11.101. vii. 107. 11101. 111,
111, 1. 10. 18. 1,1. 177 700. Sd, 1. 70. 110. A. 11, 11
111101111111. 8.11,8.04 111111 Τ. 1111011110. 1, 018. 1,81.
1110111111800 111. 8. 1,1.40
1111οηί1 Τ. 1, 181. 710. 8. 11, 4. 10. 1, 1110111 S. 111, 1.11
1. 101 11011111, 1. 11 “
111011111111. 111181. 11, 017. vii, 111111Τ.11,110.1,101.1,781, 111,
110.1,01.111,100 1.11.1.1,1.118
Junxent 8. iii, 1. 01 11140 T. 1, 10
1111111 T. 11, 110. 1, 010. 111, 801 luno· Τ. 11, 17
11111111 8.1,1.170 ,11111111710111100
1111110. iim& 1, l. 11. A. 1171 1111111 S. ii, 1. 00. 07. 11,0.18
11101111. 11111411. iii, 111. 1111111111.1111111111111.
171. 11, 700. v, 178.101.101. 081. vil, 11. x, 011. 11180. 11100. 8.
11101170. 111, 1. 000. 111181. 11.7.101.111,1.101.1111180101.
411. 414. 411. ι, 114. 111. 114111. 411
11111111.1111111111. i, 1114111441. 11411111. vu, 11.
1. 14. 111141. iii, 4. 11. iv, ι. 11111111, mlo. 11111118.
..11111.11.1.··1ῗ1·.1’..,... ..11111111111011 ...,
111. 080. 000. 1, 107. 111, 180. 700. 018
111118. 01. 11, 100. 110. 001. 081. 1011111.111711.Λ.11,111
111. xii, 111. ε. i, 1. 11. 1111. 11111111
47. 81. 11181. iii, 1. 04. iii, 1108. 1111111.11.101.11,011.811. 111000.
1111. 10. 1110. 80. iv, 7. 0. 1,1. 111. S. 11, 1. 10. 1, 1. 11
..1.111. 1111111411. iimo 111101.. T. i. 111. viii, 111
1011111111. vii. 101 11111111 Τ. ii. 100. 1,180. S. 1, 1. ω
1111111111. 1101 1110101101
111110111.1111,100 1141114 Τ. 11 104. 11011. 11408
11111118.1,1.181 111110 Τ.1,171. 11170. 1111808. xi,
1111111.1,110.8.11,Ι.10 010
111111 S. 1, 1. 178 111011. 1, 110. ix. 084. 111, 770
,11111111 11111, 178 1111111 Τ. iv. 811- S· V» ⁶· 57
summi. 181 1111111111. 010
111111Τ.11,101.11,100. 111100. 8. sunm& 11 0. 01
' 1114. 11101. 1111181 ,11111101111111 11111111. 1,1,
11111111.1,400 100
1111111 Τ. 111087. 111101. 11111. 1111111111. 11, 110
08 11111111.1,404, 1111101
Jnnvere T. 111141 11111111 A. 11, 101
111111 Τ. 11, 801 Juvat Τ. i. 010. 701. 11100. 111101.
,11111111111180 111101. 1111114 11, 10. 077. 118. 1171Μ1. vii.
11111111111411.11110 101. 1111101. 11, 181. 018. 110.
,101311 Τ. 1111. 11100110. 1101. 1111801710. 111. 100. 017. 710.
‚²¹ 808. 11, 108. 111110. 1111111. 1. 1, 1. 10101. 1, 1000. 10. 1010.
1111119111 111 1111111191 11111111411 ⁸⁸
111οΤ.1,100.180. 11011. 111101. 1111114Τ. 1101
101. A. 1171 1111111 Τ. ii, 110. 111. 001. A. 11101
11111. 104. 187. 11111111. iv, 411. 1111111 Τ. 1, 104. 1, 111. vii, 071. 8.
1111. 11018. 11111481. 1114. 111. 01
1⁷· 11, 8. 11. v, 1. 110 Juvenum A. ἱ, 110
11111 Τ. i, 111. 108. 11170171. iii, 1111111111. viii, 000. xii, 180
07.111. 101. 070. 701. 11, 010. 11, 101111111101. 11011000. 11,111.

 

