118 TTTTwT.

8118111118.1,8.884 811111 111111
8111111111 8. 1, 8. 78 8111181111 Τ. 1111, 848. 11, 887
81111111 Τ. 11, 417 81111111 8. 1, 8. 188
81111Τ.1,818.878. 1,84.111,888.11, 8111111111Τ.1,18
188 8111111Τ.11,488
8111181148 81111117. 111, 8118. 11788. 111848. 8.
811118118.11,8.88 1,8.78..8.·’11,888
8111111111Τ.1,888 8111111Τ. 111, 888
81111118. 111101. 1, 188. 8.11,8.1181111118.1111,81.1,818
111111 8111181117. 1, 888
8111111118. 1,8. 188 8111118111· 1, 888
811111Τ. 1, 888 8111111811ἰ1Τ. 1, 448
8111111Τ.1,178.888.888.11,88.111,81111111Τ.111,488
8888811888. 1188. 111, 788. 8111111111, 148
1111,.887 1,848888.1.488.11,8111111111118.11,1.88
888.8.,18.78..187111,8..11,8. 811111111Τ.11,.478848
11. 11,111. 11,111 111111111111111
8111181311888. 1111888. 81118. 81111111Τί,888 81118188
ω 8111111111118. 1, 8. 81
8111181111Τ..1,184 11111111. 1,.8 81111111Τ.11,4’88. 818811
84 81111111111Τ.11,488
81111111Τ. 1, 188..887 111, 188. 11,811111181Τ.11,.888 8.1,.888
888. 8.· 111, 8. 47 ’ 811111811Τ. 1111, 888. 111, 88. 878
8111111Τ.1,178.111,488.11,88.8.11181111811Τ.11,847.8.111,.884
8.188 811181117844811,888. 111,.887
8Ἔ111Τ1887118881117818. ἔιῦιι,874.,11,818.18..4888.18.
8111111Τ.1,888. 11,17.188. 1, 84. 8111118111Τ311, 847
11888. 1111, 481. 788. 1, 788. 111, 1111111111.,1111.11,111111.11,111.
188811,78888111,8.871118 11,..71881,.8188
88111848 811111811Τ11888148811888111,
81111111111Τ.1,148 7841111888 1184881118
111-11111111111,111.111,11.8.8111μ111111111.111,1.111 Δ.,1
18188 87888
8118111188, 884 811111811Τ,.1188 8.1,8.187.Δ.1,
8111111111Τ.111,788 888
811111111111Τ. 11, 488. 1111, 788 8111181111· ι, 881. 11, 848. 884. r,
8112111111Τ.1,888.,.11,888. 1111888 481.1171111,888.8.1,..814111,
1184 888
8111111111Τ. 11, 888. .1,·1, 888 811111811Τ.11,188. 11178. mmo
81111111111Τ.111,488. 818188. 111, 1111488. 1111111. 118111. 11,
88811878 8.77...411,188.888
8111111118Τῦ ι, 788 811111111111Τ. 1188
8111111111111, 111. 111. 8.1,111 saperem 111111. 11, 111
811111181111Τ. 11, 184 8111111111Τ. 11, 881. 111, 818. 888. sd.
8111111111Τ 1 188.787.11,478.111,Μ8. 111
11, 08. 1,88.481. mmmm. 811111111Τ.“11,111.·11,111. 11, 188818.
111, 148. 1,.888 11,118. 111188. 888.1,47.11,178.111,181.8.1,1.
787..81,1.81.11,111111111 187.Α’.1,48.8171888
8111111111Τ.11,.8811,.8888.11,1.187 81111111Τ.111,8.118,.4848.11,8.87
8111111811Τ.· 11, 878 8111111μ8.1,1.11
8111111111Τ. 111, 884. 11, 787 8111111111118η 1.,8114
8111111111Τ.11,188. 111888. 81118. 81111117.··111,111.111.11, 8841111888.
ι,887.888.788.11,7.188.111,888.

.111,184.111,811.8.111,1. {3in iii.T..⁴1 1,1..,.18818

8111111111Τ11 818 1111484. ’.771 8111111111οΤ.1,881.111,881
111887. 1,488 811111111111118 i,1.1

8111111111. 11111 1111811111. 1, 1 11

 

