clxxii 1111111

81111811,Ιι8,111,1.88.88 188. 8.1,88
Pania T. 1111, 28. 11, 181. 8. 11, 6. 66. 8111111118. 1,8, 666
11,,,887 1,,8 81, ,8.1,187, 888881 1118111111, 11788. 8,1,1.181,
Pollicitast 11, 887 1,1,188.1,8,118
Pollius. 11,8.18, 118. 111,1.8.188, Ρο11117Τ. 11, 817. 8.11, 1,18
111,8, 188 Ρ11118.“ 11, 8. 87
Pauka· 11, 711 Ρ11118,“ 111, 1, 11
8111111811, 881. 1,1,88 Ρο1118,“ 11,8, 1

- 81111111 T. 11878 Ρο111Τ.·11,7881,18,1,881,188.8,

1111111881, 6. 81 1, 6. 81,· 11,8.17. 1, 1, 881
Ρ11111111Τ, 11, 81 “ · Ρ11111Τ,1 ,71.1 81, 8. 8
Pollam. 11, 118 11111111, 666
Ρ111118Ι1,8,18,.Δ, 1,181 Ρο111Τ,11,881,8,11,8.88
ΡοΙοΤ.1,188. 1111111111. 1, Ρ1181118,111,888.11,,878
666. 181. 788,1111,88,11,188, Ρ111111Τ,1111,181.1,878
178111.8.1,8’818.111,,818. Ρο11111ζ111,187.11,888. 1178888,
11,1,18 188.11,888.111,118.788,11,888.
PdommT.vi‚666 118888188111188181
ΡοΙοιΤ. 18181188887418 188
1111Ὓέ,,,,111881,878,111,188.888,1, Ρο11111111Τ, 111,817. 8,,1118.88,11,8,
66 11,1, 18 187
Ρ1111Τ,111,888,1118181,,888 11,Ρ11111118.1,8.188
87, 8,1,188.1,8.88,111,8,18 1111111131, 818
1188818181Ρο11117,1,881.8.1,17811,8,78
1811181811, 88 Ρο11οΤ,· ¹.' 878, 111, 88. 666. 11, 118.
Ρ1111111118,“ 11, 8, 87 1,88,11,88,888,188,878,111888,
1111111118 111, 818 181. 1111, 888188, 11,878. 1, 181,
1111111117,17,818 81181888118888888888
ΡοΙ]111117,1,188,111,818.11,111,11888888
118.1,111.11111111111,1111, P 11117.11,·.788 1,11. 66. 18811,
11188· 166. 878 8, 11187. 1111111, 111, 888. 8.111,
Polyphemo ,11, 718 1,1. Δ,11,18,18
ΡοΙ]1ο·1·.1,88,·887 Ρο11111Τ.·11,81.888, 1188188188.
Ροωι8ἰῑί,1.188 8.111,8,18,Δ,1,188
8111111181, 8. 81 . Ρ11111Τ.·’ 11, 66. 1111, 788, 811888,
8111111818888 118.111,1.88
Ροωροε.11,1.11.111,,1111111111181111111 11, 88). 111, 188,
Pompeianis: 1, 6. 888 718.11,178,871,8,,,1118
8111111811, 6. 166 Pop 1111111117, 11, 888
8111111181, 1. 1811, 7, 78 PoponcentT. 1, 888
111111118887 ,1118811111 666
Ρο11111Τ, 111, 78 Po 1111111731, 666. 1, 11811, 881
Pomm· 1, 888 Pop 1711111118, 7, 88
1111811181, 188.·11, 188888, 1,8.81 Ρορ11111Τ,1,888. 'ol
11, 818. 11, 888. 11, 7188111718, 8. Ρ1111111Τ111888
1,8,88,111,1,,77’1,1.88 Ρορ11111118.111,8.88
81181117,·11,18,1,8718781188, Ρ111111118111881, 1, 888, 111, 666.
11187878111888118888 11,,,1888181
11,..181 11,8,88, 11,1,88, 11 8111118111, 166
188, 1, 8, 666. A. 1, 878 Ρορ1ΙεοΤ,11, 666
8111118111· 111, 87 1ο,1111.111,111.411.111,111. 811
11111111111818111 88.1,1.118,11,8,17
Ρο1811Τ.·“ 111, 718, 11, 8888118888,Ρορ11111Τ,1,188.178,188.788, 11,
111,]88,1,878,8,11,.881,1,1, 11111181111111118111111
66. 8.1,811 778. 118,111.111,111.171. 1,18,
81117117188688888111778 1188111187811187111,8,
11,,,181811 11,,88111,181,,888 81

1,881,887,11,787,8.1,8.88,81, Ρ11111Τ11,88.888.888
111188. 1181188. 111,1.81, v, 6. Ρ1111111111Τ,1,178,11,888

 

