111 1111111111. xxvii

11,4.1 81111111111111. 11414. 1114444741111.
BONJU Α111 Tm ,uu 181888. &Ast-”0 ’,211898
Βεδῃάο 4. 11, 4. 44 A. 1, 448

ἀί Τ. ffi, πε &Alifl'Tn ΙΙΙ, ⁷⁴¹0 AT, m· ιω· ⁶⁸⁸· 8881
811Ιί ’1111841 11, 8. 448. 787. 11144884. viii,
nen· Τ. 1, 88. 44. 744. 11, 184818. 744. 11, 444. 444. 748. 1, 717. 111,

81816461Μο “⁹0 8031 fiipmo'm· 8071 sni, 1. „a SA, ⁰0 ⁴2. AV, ⁴. ω.

448.444.444.11,74.114.844.844 Δ. i. 118. 848

441. 1,848.11,118.148.811.447. 4111141111. 11448. 11144144.

444. 111, 844 841. 444747. 111174. 418. 484. 848. 444. 448. 448. 784. '

841.848.448.414. 11444484448. 11,71. 118. 144. 444. 814. 744. v.

1,841.844. 484448. 444. 1144. 841. 444. 11444. 111, 14. 88. 484.

1111111111114111114111. 444. viii, 144. 411. 1144474. 1,

444447. ’11, 7. 44. 44. 448.441. 441. 741. 744. xii. 144. 411. 848.

741. 4. 1, l. 74. 11, 1. 818. ii. 4. 14. 448. 444. 448. S. 1474. 1114184.

'⁰0 astam· 8881118801 888,817· AT, 8818181 1,,61 ω· '5 ,1⁸⁹0 A· 8,

81 ¹⁴0 ‘A'foeuA wo '2 ²· ¹⁶⁰· 8881 ⁴1⁸· iijloe

4148144447. 11841. 848. 844 1111111411111111. 11174. 444.
8111141111.111,814 1111844. 114441, 444. 11, 418.
1111111111. 1174 111, 481. A. i, 44
81411111. 11, 414. 11484. 111, 444 1141111111. iii, 144. 844. 444. 484. vl.
Bellantem T. 111, 478. 11, 414 841. 111. 44444. 1111, 148. 11, 441.
8111111111Λί11148 111, 74. 874. 744. S. iv, 4. 88. 1,1.
Bellum T. 1, 744. 11444. 111881. 1111, 188. 1, 4. 47. A. 11 144
-,111.111. 1111111111. 11, 111. 11111111. iii, 11. 111. iv, 111. 141.

411111. 1,8.144. 41111111- 484444478. 11, 4414. 444. 111,
11411111.1,1.11 1 1111. 111. 111. 1111111. 111. 11, 11.
hum mm 1, 414. 444. 744. 11, 4444114444.
11141111.11,111 744. 111484444744. A. 1444.
11411111. 11, 884. fii, 881. 11, 844 ii, 484
8111111111 Τ. 111,.448 Belo T. 11, 41
Bellantem T. 1111877 8111131111. 11,844. 111444. 111444.
Bell-uice· ’1.111, 47 S. 111, l. 141. 1114. 4. 111488
Benaci: T. vi, 848 Benigno T. v, 84. 1, 814. S. 8, 8. 44
8141111111 T. 111, 478 8111151111 4. v, 8. 844
811114. 1444844 111844. 887. 844. 8111111114.11,4.8

11,4.148.144. 841. 844. 448. 484. Benigno T. 111, 474. 411414. 1,1.

444744. 1, 4. 144484 11, 47. 144. 74. 148

174841. 844. 414. 111, 1. 84. 448. Benigno· T. 1111, 844

448. 444. 747. 444. 1111, 7. 844. 888. 8111311111 T. xi, 884. 111818. 414.

448. 444. 448. 444. 448. ix, 74. 884. 148

481. 444484. 744. 1, 44. 184848. Benigno· T. 111111

488. 444. 444. 784444. 11, 841. Berecynthia Τ. 11, 444

841. 444111, 4. 44448. 444. 714. S. 8141111 Τ. 11, 178

1, 1. 14. 1, 8. 84. 1, 4484. A. 1, 418. 8111114. 1, 4. 847. A. i, 488

478. 448. 1144. 888 8141411 S. 11, 4. 44
81111111 T. 11, 844. 1, 444. 1111, 444. 111, 8141111114111448

448. S. 111111 Bibenda· S. 11, 7. 11
Bellienus, 11, 8. 4 8141111111 Α. 11, 184
811111111411148411148 8111114111, 4418
Belliger Τ. 111, 848. 111444. S. 111, 4. 8141 S. 1, 44 Ι

117. 11,»4.78. 1, 488 811111Τ. 1, 644. 111444. 11, 414. 114.

841Ιὶ41111 Τ. 111, 717 848. 11, 844. 11, 814. 484. S. 11, 4.
&mmmmm 1111, ι. 11. 1.,1. 11. 1111. 1,1,111

44 8111111111. 11, 441
844111114114. S. 1, 8. 147 . 41411111. 11, 44. 411444
1111111111. vii. 111. 1111111 A. 11111111. 11, 111

1,111 11111111. 111
‘Musam’ s· 81, ,ο l·- Α· i, m Bioomi· T· 81, 287

 

