cxiv 1111111

4841444 Τ. ἲ, m· A· ip u Ifflm T· ’μω
1111111411 Τ. 1,4ὥ 1111111117.11,441
111111 T. 111, 488. 11,4Ι4 In'l'. 1, 448. 444. m. 11, 144. 414.
1111111 Τ. 111, 174 410. 444. 111, 440. 474. 418. 444.
1111111111 Τ. 11, 870. Δ. 11, 14 = 448. 404. 11, 114. 444. Μ. 441.
4Ε848414 Τ. 411, m· s· 71 81 ⁸· Aofl, ⁶„- ''mem-mom0mm
127 744. 11, 440. 744. 781. 18, 18. ”-
111111 T. viii, 447. 11, 801 84. 410.448.400. m. 441. 114304.
1111118111,1.114 144. 408. 488.484.744. 11,84.477.
1111111118. 11,8. 77 484. Μ. 844. m 1, 407. 400
11111111 Τ.111,148. 1111, 478. S. 11, 4. 410. 701. 11, Μ. 444. 407. Μ.
81. 111, 1. 148. Δ. 1, 70 444. 444. 441. 441. 448. 111. 04.
11111111 8. 1, 4. 484 447. 480. 487. 744. 740. 8. 11, 1.
1111111111 T. 111, 148. 8. Ι, 4. 44 40. 11,4. 1. 111, 1. 40. 1. 4. 84. 1,4.
11111111 T. 111404. 718 47. Δ.11,444
1111111111 1111.1,11.11.111.11,111.111.111,
11111117. 11, 184 04. 484. 484. 11, 44. 1, 404. 404.
1111111 T. 111, 480. 11. 1, 01 11, 400. 448. 111,48.448. 414. 801.
1Ι8141Τ1414, ω’· 11,,44 ¹, ”To m· m 44. ”om m·
Involvere T. iii, 444. 1, 410 474. 111, 404. 8. 111, 1. 44
1111111 Τ. 11, 404 111111 T. i, 844. 111, 14. 1111, 717. 11,
11111111 Τ. 111, 414 784. 1, 471. 11817. 111444
1111111 T. 1111, 700 lm T. 1, 404. 111, 401. 414. 111,
1111111 T. 11, 444. 1111,140 100. 1, 74

· 111.111.111.1.,111.1,1111,111. 1...τ.1,111.111.1111,11.111. ’

11, 401. S. 1, 4.1 111, 41. 77. 11, 74. 440. 440. 1, 144.
1111111111, 481. 11, 404. 111, 474. 148. 11. 841. 111, 444. 478. 1111,
800. 1111, 844. 847. 1, Μ. 11, 404 144. 404. 444. x, 884. 11, 41. 414.
11111 8. 11,8. 14 444. 847. 718. 111, 404. 447. 474.
mamm 714. 811, 1. 141. 111, 4. 184. 11, 4.
..1111111
1111111111 8841181111 1.,111 1
111111 Τ. 11, 44 111111111811, 8. 44
1118171111, 44. 11, 104. 8. 1, 4. 08. 11111 T. 11, 480. 11, 444
11,4.100 · 111111 T. ¹3 444 ·
11ῗίιὲ Τ.1, 14. 11, 104. 11, 407. Α. halez·i Tffxv. 111, 41. 11. 447. 18.
11111. 111. 111. 1., 111 111. 1..1.’1,1.111.1111111,1.11.111.
111 111..,111.111.111. 11. x, 11111111. 1111 11111111.
m· 8117, ’.411 '’l-⁸⁸· 'stum mostoowomuss
Jmm T. 1, 441. 404. 111, 407. 1, 474. 1181118.11,4.10
vi, 111. vii, 111. Ι1111. 11. ..11, 111. lm 1. 1.,11 111. 111. 11, 111 m.
784. 844. 888. 11, 147. 444. 8. 111, 1. 48
⁸: 11 .. ι 111.1.11,111.ι,11
11111. 1, 414. 707. 111, 408. tuga. 1111111144. 111148
maxim. 1.,11 11. ...1. ww&
1111111. 1, 1111111. 11, 1 11111. 1....1...Ῐ’111.11,1.1
’.1111111111111 11111111..
11111. 111. ...111111 11111, [mer. 1.,111 ..
44. 111,4ῳ. 8. 1,1 70. 81. 104. 1, Impiet'l'. 11, 744. 8111, l. 178
1111111ἷ1ἱ1.1,1111111’11””” ms} 1ο 1. m
1111117. 1111118 Inamabilis Τ. 11, 1oe
1P¹¹P²⁰¹¹¹⁰J¹ 111, 714 1111111118111, 774. ss, 117
1111117. 1111Ι 417 1111111171, 474.

 

