111111 iii, ⁵

111111 1, 11

111111, 10
1111111111, 1
11111111ωῆ1, 11
111111111110. 11, 10
Imma-iv, 1
1111111111, 10
1111111111, 8

111,..011 11,0.10.11..10111..01111111ο111,11

0.10.11. 11, 10
1111111““ ιι, 11
11011μ1111ιοί, 10
latmi, 00
1111111111·“ ιι, 0
11111111ιί1, 0
Iugum 1,1
lah-m 111, 1
1111111111, 11
11111111,1
11η11111,11
1111111111, 11. 11, 10
1111111111 111, 10
11111 11, 11
Inuum 11,14
11111111111, 11
11111 1,11
11111111,0
Invidus 11, 14
11111111 11,1
10111 11, 11
11111, 10

1111111

‘ 1111110

11111, 10. 11. 11
11111111, 11

luorum 111, 1

11111 1, 10

11111111, 1. 11,111
111110111111111 iii, 11
11111111 11,1

1111111 11, 11

1111111 11, 10

sunium 11, 11

111111, 11
1111111111

11111111 11,11. iii, 11. 11,11
1111111 11, 11

,1111111 1, 1

ι’(ζ
Kalendas S. 1,11

.,,.,

1111111111 Β. 1, 0

1111011111 111, 1

1111111111. 11, 11
11101111,11.11.111,11
1111101111
uwu,4.ffi,0
111111111111, 11
1111111111, 10
1111111111, 11. 11, 10
1111111111,10
1111111, 11
11111111
1111111111,Ιο
limum
11111111, 11. 1110
1111111111, 10
laonii, 10
longini, 11
1111111111
1111111111
1111111111
1]11111111,11

11.

11111111 11, 10
11111111 11, u
1111111 iii, 24

· 11111111,11

Manlium
11111111 11, 11
111111111111. 11
1111110 1,1
1111111111, 11
1111111111. 10
1111111111, 1. 10
1111111111, 2
1111111111 1, 10. 11, 10

1111111 111111. 11. iii, 11.

11, 10
11111,0
111111, 10.· 11, 10
Mun 1, 0
1111111111, 11
Μ111101111111 1,10
1111111111, 11
111111, 11. iii, 10 ’

1· · Melior ii, 111. 10

Menecraten 11, 11

 

