1111 mm

1111116111.11,618.11,698.1,479.111, . 149. mm. 1, 866. 11188848·
789 . 489.699.111,84.188

111ρ161611118.11,8.88 1111113111 1, 998. 1, 666. 11647. 8.

Ιωμ11ω8.11,1.11 111, 891. 1, s. m

Impediunt T. 11, 696. 11, 868. 11, 696 11111111ςὶ1 T. 111, 88. 11, 461

Impe 't T. 11, 817. 1111, 84 11111111ρω Τ. 1, 766

1111118111 Τ. 11, 176 impin· T. 1. 888. 866. 11, 16. 111, 98. 1,

111ρ111114.1,484 686. 111, 88. 768. 11, 168. 667. 11,
11111111111ΤΙ 11, 116 169. 499. 111, 777

1116161111. 11, 816. 1, 818. 81,8.4 111111161111Τ.1,446

1111111111118. 1, 9. 49 1111111ιοὶ6111 Τ. 1111, 46

1111111111 Α. 1, 89 implacidum. Τ. 11, 4
111ρ1111Τ.11,681 ῙιιιρΙιώἀο Τ. 1, 199. 8. 11, 1816
Impellit Τ. 111, 788. 1, 881). 669. 111, 88 1111611 8. 11, l. m. 11, 8. 8

1111111111 Τ. v, 667 111111111111, 146. Α. 11, 848

1111111111 Τ. 1, 787. 8.1,8.4 1111111161 T. 11819. 8. 1, 8. 186
Impendent T. v, 668 Impleat T. 1, 464. 111616

Impendere 8. 1, 8. 866 1111111111. 11, 869. 1, 689
1111116118.1118.88 Impia. Τ. 111, 478. 1111, 898. 11, 781.
111111111611Τ.111.816 8.1,8.46

Impenetnbilis T. 111, 16 Implmet T. 111, 868
11111161111191 ’ ImpietT. 111, 61. 484. 619. 1181111.
1116111111. 11, 668 888. 471. 1, 4. vii, 498. viii. 466.

11111111118.11,8.189 11, 789. 1, 86. 686. xi, 868. 111. 788.
Imperat T. i, 196. 688. 696. 11, 669. 1, S. 11, 8. 86. 1, 1. 198. 1, 8. 171

111. 1111111111111. xi, 111. 1111111111.1,116.116. 111111. 111.1
8. i, 6. 44. 11. 1, 84. 1186 6. 77
Ιωρο111111 Τ. 11184 , 1111111111 Τ. 118. 11, 886. 111686. S
1111111111111146. 111868. 81866 ii. 8. 84
1111111111. 1, 614. 1, 161. 784 Impliciti T. 11688. 8. 11, 1. 46
Imperfectum Τ. 11, 689 1116111111. 1,67
lupuit Τ. 11, 446. 1, 414. 11, 816. 876. 1116111116 Τ. 11, 411
14116187ζ7. 1177. 666. 111464. Implicitos Τ.11,814. 11696. 81111.
.1, 169. 88 18 ’
Imperii T. 111, 887. 11718. 81, 8. 198. 1161111111 T. 1, 814. 11884. 8. 1, 8.
’,1.11. v, 1. 11 111. Mi, 111
Imperii· T. 11, 179. 1, 8. 8. v, 1. 868 1111661111. 111, 648. 1, 719
’ 111111116Τ.1, 197. 1186. 111161. aiii, 111ρ11111Τ.1,66
8. 168 Inplicuit T. 11681. 8.1,6. 81
Imperium T· ¹, ,471 s· iilo· u· A· ii, Impionflt T· Bm& &ido n· A· ii.
1111 'um T. 1, 886. 11177. xii, 886. Impionntem T. 1, 678
.i‚ 4. 6. 66. 11, 6. 8. 111, 8. 68. v, 1111111ο11111αΤ.111,84
8. 68 1161611111Ήί1888
11111111 Τ. 111, 686 111ρ1ο1111. 111, 469
1111111111. 1111, 696 1111111611ῑὶ1 Τ. 111166
1111111611. 161111 1116011111Τ. 11, 881
111116111811, 1. 888 1111011111 Τ. 11, 664
1111111111Τ.11,866. 1,161. 876. 11, 1116ω1118.11,1.186
819. 467. 478. 767. vii, 47. 878. 1, 11111111. 11, 686
688. 646. 796. 11, 468. 1111688118. Imposito T. 1, 188
794. S. 1, 1.49. 11, 8. 64. 11, 8. 88. 1111111161Τά,178 111697
11.1.111.1ι,1.1σ.1.11,111 1116111118. 1, 8. 44
1111111111 T. iii. 188 Imposita· 8. 11, 1. 68
1111111111. 1, 484 Impetis T. 1, 887
1111611011. 1, 888 11161111111874
1111111. 111 111. 11111. iii, 1111. luipo-nit 1. v, 111. a v,1. es
11. 11.. v, 11111111. 111. 11, 111. 11111161. v, m, 111
¹⁶⁴· 111111. vni, 111. 11111111. mmmmm

 

