111 1111111181κί

Ρ11111111Τ,.1,1818.1,1148 1,,8 8111111118...,18148 1,,1841

118 1111118118.111,1, 11
Ρ1111111111118,1, 8. 148 , ΡΙο1111111Τ,·· 111818
Ρ1111111111Τ, 111, 18. 11, 11 ’ Plenum· 11, 111, 81118. 18, 1, 8.
11111111. 111. lu 111.1, 1,111
Phuni Τ. 1111, 871 8111111111, 8, 18
Ρ111111111Τ. 1, 888 Ρ11111111Τ.11,781, 1, 741. 8.1, 1.11
Ρ1111111οΤ, 111884 1111111111184, 811418
Ρ11111Τ. 11, 8888111, A. 1177 Ρ11111111Τ.’· 111, 118
Ρ11111111 Τ.11,48, 11,887,111,881.8. Ρ11111181Τ.Ι 111, 818
1,188 Ρ1111111Τ.·’ 11, 187. 111, 887,· 11, 118. 11,
811111. iv, 111. ..111,.1,11111111111111
188888. 11,878. 8111111111,811111311181198111491,11,811.
1,18111,1.11.11,1.84. 1,8,888.11,188.788.8181,14811,871,
1,1,481 1118814711, 8111171, 1118184.
Plebei- Τ,111,888. 8111181. 11,8, 111,1.111.11,1.11,1,1.111.1,1.
88. 1,8. 17 118, ,1,1· ,4
Ρ11111111118.1,4.88 Ρ11111Τ.··11,848,11,484.1,748, 11,
1118111111 Τ. 111, 18118. S. 1, mu 881,1ἱ1,111.8.1,1.188
plebeium S. 1, 8. 47 Ρ11111111Τ,1, 118
Ρ11111111Τ.111,788. 8,1,8.84 1111111111111111.1111111. 1,
Ρ111111Τ,11,148.1188.1,488.111,811.111111. 11488818. 111488. 1,
1111,118.11,111.118.8111111.8,11.,1.1,184,11,181
1.·118. 1, 8. 118 Ρ11111111111Τ,·1,114.888. 11, 118188.
111111Τῦ· 11, 181 11, 178. 888.· 11, 184. 8. 1,1. 81. A.
1111111131,111.11,111.11,111..1,1,111
188.8.1,4.411.11,1,818 pluvium. 18
111111.1,’111.11,1111.11,.111111, Ρ1111118,1,.1188
1888184178.11,1.178.11,8. Ρ111118Τ,“11,788
18 Ρ1111111118, 1,1,181
Pineum. 111, 811, 8.,..11888 181. Ρ11111111Τ, 1111, 411
1,4.18.111,1,181. 1,1,1111 1111111151, 88, 1111, 888, 81111. 188,
11111118.11,1111.111.11,1.1 111,.187 11,8.81,1,1,111.1,1.
111111111111111111.1,1111 11. 1,1,111
1111118181 11,...744188 111,.1 Podarcemhvmeo
18.111,1,41.1.11,148 Ρ11111Τ,11, 171. 448. viii, 18. 1, 888
1111111111111. 1,111 1818131, 11111. 1111111) 11.
Pleiadum T. 1, 88 818
111111111111111111.11111. Ρ1111111Τ.·1,81.8,1,8.8
1,181.488. 1111, 488. Sisi, 4. 84. Ρ11111111111Τ3· 11, 81, 11, 888. 111, 818
1,1.148. Δ.1,18.47,11,181 ΡωηυΤ,1,811.111,118.811.18187
1111181311, 888 11,888,881.11,188,184.818. 81,
Ρ111111111.11, 781 1,,81 1,1,817
1188111811. 1111, 788 1811181111111
Ρ11111Τ. 11, 811. 81, 8. 78 1111111. 1, 88. 848
1111118111· 11, 188 1111111111 Τ. iii, 18
neuim, 818. 1,188. 8111, 8. 81. 11111111πί1811 8. 11
1,,,818Δ.1,878 Ρω1118,11,1,81
Ρ111οΤ.ἰ1,8118,,11,888.11,8 ¹ Ρ11111111811841
Pleno· 81, S. 818 Peli Τ,·1,88. 181848, 11,8. 111748,
8111111111,11,1188.111,88.1,811.8,11, 1, 88, 11, 181. 111, 888 8.·· 11, 1. 187
1,118 ΡοΙ11Τ,1,887, 11488
1111111311111111. 11,111 1111111811, .⁶' 48
1111111111, m. 11, 181 1111118111, 787
1111181111. 1111, 484 1111118311 118, 11, 8, 14
Ρ11111118.1,8.118 PollnS. 11,,,118 11,7,11.111,1.81.
Ρ11118,·1,8,11.111,1.78 188. 178
11111111111111Αὸσ Ρ1111111111118. 11,8, 88
Ρ11118181ΤΜ4 1111118111111

 

