clxxi. 11111

mummium 11,107.1111,.000 11,]00. 1, 014-
Ροο11111111Τ. 111,001. .11,071. 1, 070. 700 11, 010. 000. 111, 81. 000. 000.
&imm 8.1,1111.1144111408
Ρο1111Τ.111,400. 011000. 11, 0. Ρο111111Τ.111, 000. 11, 710
107.1,1.104 Ρο11111110.’· 11, 007
1011111011, 000. 1, l. 177 Ρο11111Τ. 1, 001
01111101, 0. 77. 1,0.07 Ρ11111Τ.11,107.00811,070. 1, 000.
Ponuu T. 111, 070 0. 1, 0. 07
Pomm Τ. 1, 007. 11,Ἇο Ρ1111110.11, 0. 00. 1,1. 100
1101111111ῑί17. 111, 110 Ρο111111,111.11,.111 11, 00 “
Ρ111111111110.11, 4. 08 0111111111οΕ 11, 4. 00
Ρο111111111111110. 1, 0. 00 8101111111Τῦ 11, 007
Ρο11101,..000711,1..0011,.144 Ρο11110.11,0.00
101111ηο11, 0. 00 Ρ11111Τ.· 1, 007
Ρο1111Τ.1,010.11,008. 0.1,..047 Ρο1111111Τ.1, 018. 11, 070
001. 1,0.00.00 0.11,..707 111,1. Ρο111110111,0.81.0.1,000
0. 11, 0. 00 Ρο11111Τ.·11,007. 111, 180. 1111, 004
111111111111.111,111.111.11.11. Ρο1111Τ.11,000.11,000.700.111,000.
ι11111111.0.ί,4.111.1.1,11111811. 1,.000 111010 408.
400 0.1,0..,..40100οΑ11,000
011111111Τ.111,104 Ρ11111·.“111,000. 11,77.100. 0.1,0.
Ρα111111Τ.11,07 00. A.i. 00
Postremum Τ. 11, 400 0111111111 S. i, 0. 110. 11, l· 140· 17. 0·
Pomm T. 11, 07. 111, W. 11, 800. 011, 40
0. 00 ι Ρ1111111Τ.1,117.1111801110. 1, 000.
Ρο1111Τ.11,.,.018.8100 0.,...η1011810οι111ωο100 1.1.
Ρω1111111110.1,1.100 007. 1, 0. 000. Α.11, 001
11111111111. 101 Ρ11111Τ. 11, 100. 111, 710
1011111011, 000. 11, 740. 111, 400. 000. Ρ11110.· 111, 0. 00
81070240001711041 Ρ111Τ.111,400.077
Poma: 1, 01. 11, 740. 11, 100. 000. 1111101110· 11, 000. 070
11,000.11,07.0.11,1.00.Δ.11,100 Ρ1111111Τ. 1, 80
0114111110 1,071. 1111111111. 11, Ρ111111Τ.11,800.0.1,000
440. 001. 0,,1 1. 187. 1,.008 Ρω1111Τ.1,400
Ρ1111111Τ.11, 78. 1, 700. 8.,.1440. Ρ11111111111Τ. 1, 710
111, 0. 41. 1,1.00. 01. 1,0.00 Ρ1111111111Τ. 1111, 708
111111.11,111.1111.11 Ρ11111111Τ. 1111, 000. 11, 001
Ρο1ειι111Τ.11,000.111,104.111100.Ρωο1011110.1,0.00
1118001000 Pmoedeurmo's
Ρο111111111Τ.··111, 000 1111111111.11,1.11
Ρο11111111Τ.1111,007. 011, 0100 Ρ11111011011,0.00
Ρο11111111110.··11,7. 100 Pmoeditesm 140
Ρο1111111Τ.· 11, 104. 111, 000. 0.1,0.77 Ρ11111111111Τ. 11, 801
108.11,.700.11,.004.Α.1,400.Ρ111111111111.11,407.11700
11, 110. 040 Praeclaram 11, 001
1110101103· 111, 4. 00 Ρ111111110.·· 111, 0. 00
0111111110111, 481 Ρ1111111110.· 1, 0. 07
1111111110 11, 000. 01, 0. 00. 1,1.Ρ10111111Τ.11,808
100 4 - precepisse& 1, 1. 00
Ρο11111Τ. 11, 11111, 04 Prae. 111011, 100
Ρο11111Τ.11,074. 0.1,0.00 Ρ11111111Τ31,100107311400081. 11,
Ρο11111Τ11,004.1111,180.11,170 104Ρ180. mse. vi, 777. 111, 011.
Ρο11111110.1,1.000 810. 1111, 00. 11, 008. 708. 1. 804
Ρο111Τ.11,801.1,.00 11, 001. 000. 11, 010. 000. 111, 010. 040. 700. Si.
011100417001070 401100011,111011008
1111111111, 010. 1111, 100. 11, 000. 0. 111, 0. 87

11,.11 Ρ11111117.....1111.01ᾣ111.01,
1011111110· 1, 100. 187. 000. 11, 000. 008

111,111.111.111.11, 040. 1, 004. 1011111111Τῦ 1, 000

 

