01111 11011

umam& 11, 101
mor· 1. 1110. 11, 1. 110. 1., 110.
111110. 11111100. ..110.

111... 1. 1.,111. ..111 ..100.

548. 781. 11, 181. 878. 1, 501. 11,
501111858. 811110. 1,1.1’15

1180. ai, 1. 51. 118. 15. 1,1. Μο110110811,1.140.11,0.8

1101101. 11, 508. 1, Μ. 111, 101. 11,
770. 1, 704. 11547

1101101011 Τ. 111, 81

1101101118.ἰί1,8.50

11011111 Τ. 1, 845

1501111111 Τ. 1, 055

1101111111 S. 11, 8. 145

1101101117. 111878. 11500. 0. 15.

Mami T. 11, 878. 111, 518. 11, 708. 11,
150. 8111158. 1111811

11011111 Τ. 111, 051. 8111, 5.15

110111 Τ. 111. 405. 11, 077. 1, 741. 111,
180. 11, 587. 1108. 11801844.
500. 111, 5. 854. 8.1, 1. 08. 1, 4. 01.
va. 11. ,1.1, 111. 11101

1101111 Τ. 111, 518. 11, 418. 111858

1101111 T. 11, 141. 107

1110111010 T. 11, 104

11101111.1ι,1.111

11011101 T. 111. 81. S. 111, 8. 101

Morbi T. i. 108

Morbi· 111145

Morbo 811111

1101501811, l. 815

Moram 8. 1, 8. 87

1101111111 Τ. 111, 550. 11, 400

1101111111 8. 111, 1. 78

11011 T. 1, 888. 541. 11, 855. 008. 741.
TV, '⁴⁸⁸ ⁴⁶⁵· V, 159180900291 71, 50
815. 577. 111, 180. 800. 408. 500.
11111111. 11, 578. 510. 1, 188.
880. 11584. 015. 11108. 808. S. 11,
4.10. 1, 8.80. 150. 11880. 11,
808.884

110111οΤ. 11, 505. 1, 508. 11, 711

1101011101 T. 1, 180

Μο11101εΤ. v, 557

Moru T. 1, 888. 1, 855. 111, 80. 818.
111 105. 501. 8. 18. 00. 11, 1. 108.
11,8.80.110.88.104.111,1.05.111,
, 8. 87. 1111150. 11, 0. 80. 11, 7. 48.
11, 8. 57. 11118. 1, 8. 78. 1, 5.
01. 147. 840. Δ. 1, 70. 11, 181

Moretur T. 111080. 11, 111

11011 Τ. 111, 878. 11, 858. 11, 581. 11,
855. 1, 708. 11880. 8. 11, 1. 888. 11,
⁵· m 1 1108

1101111 Τ. 111, 587

moribunda T. 11580. 111, 700. viii, 048

’ 1101100110 Τ. 11. 540

11011001ιά01 Τ. 11457

1106141001 S. 1111110. 11, 1. 85. 1, 1.

1101110111 T. 1, 878. 808

1101311111. 11817. 111180. 480. 11,

11011111111Τ.11574. 11588. 1111551

Morientur T. 111 888

1100110111, 878

11011011. 1051

Moritur T. 1, 588. 11517

1101111111. 1, 088. 11547. 8111818.
1, ⁸.oe

11011οη1111. 1, 1oe

Morinum T. 111, 078

1101110111 Τ. 11, 58

Mon'turum T. 11, 818

Meritum· S. 11, 4.4

Moriuntur Τ. 11, 400. S. 111, 1180

110101 T. 11, 407. 111, 77. 1, 781. 11,

11011 T. 1, 100. 088. 550. 11, 88. 588.
111, 58. 748. 778. 807. 111111. 11,
880. 185. 111, 818. 574. 8. ii, 1.
154. v, 1108. 1, 1850

1111110111. 11, 18

ι 1111111110001. 1.,111. 11101.

11, 501. 1, 410. 8.11,5.0. 1,8.5
1101101 Τ. 1, 100. 111, 110. 8. 1, 8. 70
11011111 Τ. 1, 815. 045. 11, 145. 11884.

470. 8. 11, 1818
1101010111,πο
11011111 Τ. 11, 08. 111, 855. 111, effi. 8.

1,8.85
1101110101 Τ. ii, 580. 111, 584. 11, 500.
11111115ῗῖ 1:ss 111 ⁴⁸2⁵?ss 111. 10
110110 T. 1, 48. 017. 11, 587. 550. 111,

4104. 1, 811. 111, 758. 1111, 187.

4881Μ81ω817ωο ix, ωι ΜΦ· ¹,

870. 718. 750. 11, 555. 585. 111455.

m. 811118. 111150. 1,1.8.
Mortem Τ. 11, 007. 111, 71108. 1, 510.

0114081 78116πο il. “⁷⁸ ¹! mo

418. 11, 805. 585. 111754. 818.

61. 111177. 111 1. 178
1101111 Τ. 11, 708. 111184. 118058.

8. 11, 7. 181. Δ. 1, 484
110111 Τ. 1, 505. 040. iii, 817. 111708.

inm
Mortibus T. 1, 87. 11, 50. 11, 174
14101111 T. 1155. 11, 548. 11, 850. 418.

474. 015. 11, 515. 111 188. 1111 841.

11, 885. 401. 558. men. 1800.

517. 088. 804. 11010. 080. 715. 111,

47716791 amandu· Α1504ω
110101. 0, 455. 11, 405. 111111. 5.

 

