ΙΝ smmum.

8131181999

81131118 1ι,69. 1,.916 81ιί, 6. 97.
81ῧ11Τω111ι669. 11, 79. 111, 977
8133111111, 719. ιι, 119 991. 11, 766.

86613116Τῦ ιι, 78 ’
86611Τ. ιι, 179

8661· 111111Τῇ ι, 771
9661111711, 189. ι, 979
866]“161661·1·.·Ι 111, 719

11111. 199. 979. 11, 7Ι. 96 911 ι11, 8661111181 ,799

8139311118 ι, 198. 61117. 699. 11, 99
11131173... 699. 11191. 1.ι, 161

8133118111, 799

81136181, 999

81361 1111611811, 998. 8ιι,9, 191
8131121, 67. 11,6. 11, 691. viii, 99
8616117Τ, ι11, 111. 81, 6. 61
8616161618111, 1. 91

9619161111 vi, 711. 11, 69
8616161Τ. 11816. A.'' 6, 999
861616111Τ.11,196

86166181, 997. ι, 619

staden. 1,.696 111919. 11917 ι,
9811,98.1167.991.11,691.9.
111, 819

8611161118· 11,169

6111111711, 76

86111111Τ,111,999

8611116618 11, 9. 11

Samiam. ι, 691
961111Τ.1,169.669.111661.1111179.
ix, 717. 111, 796

86661118. 11,9. 11

86611918. ι, 1. 99

9661616819, m Ι

8116161618 111, 797 ¹
8661111181, 176. 1, 191. 8.ι,9.999
866617Τ.11,997

subdiu. ι, 911

866968·’ ιι, 9. 11

8661161Τ.11999

- 96611618 vi, 911. 8.1ι,1. 99

866111811961

86ξ1Τ.1,1Ἃ11Μω11Μ91,9.

8116116618· ι, 1. 97

86611111· ι, 997.· 11, 191. 8.11, 7. 191
96611118.ι,1.996

866111181199966. 11119. 819.

866118. 11, 9. 66. ι, 9. 71

8661111618 ι, 969

Sabis-etr. 1, 911

8661111811, 979. 811. 99. 1,.9196

sabinia. 111, 991

8661181, 196. 11, 999, 999. 971. 171.
991.111,1119.999.996.·,.1ι, 9. 98111.
968 eta

Subitam· 1, 661. 111,.699 111911,
171. 8111199. 111997

9111161711, 691. 1,.699 111, 619

866111161111719. ι,99.979. 8ι,6.

8661111Τ. ι, 99. 111999. 811 1.197

8661118 111, 199· ιι, 698. ι,179. 989
918. 8.1,1.61.11,6.91111,1.19

86611117.“ ιι, 679. 11, 999. 111, 991. .1111,
996. 8.111,.,·171 111, 9. 99

8116116811, 919. 11, 979. 1, 99. 111,

699. 998. 799. 191161111611. 1, ¹

769. ιι, 699. 997 111, 999. 81, 9.

7611966111911111611,
9611196
8661161111, 18111, 996

8661666811, 781. 989. 1111996. xl,
69. 111, 177

8661161 Τ.·· ιιι, 99. ι, 997. 969. 1111, 1.

999. 11, 169. 889. ι, 166. 976. 969.
11, 1611111117

. 86611118111, 166

86613118 ι, 191

theoT. v, 991. ιίιὶ, 191
8661111111, 199
96616618 111, 969. ι, 199. A.'' ιι, 81
8161661161Τῦ ι, 99. 111, 699
86611696ιιι’1·.·· 11969
86616111111,171
8661611Τ. 111, 91. 81, 9. 96
’86616118ι,9.199. 169
8661611811,1.187
866166Τ. 11, 697. 111, 999
8661111811, 618. A.' 1, 616
86611111Τ.11,999.1,999
9661111111811119

8661111811, 999. 979. 111, 196· ιι, 97.
1,919

86611169, ι,9, 19

SublammA' ι, 911

8611111618 11, 897

86611311Τῦ ιι, 719. vi, 967 ¹

86611161Τ,·· 111, 111. 11, 999. ι, 996. 716.
8111, 8111

866186116Τῦ11, 986

sublimes T. 1, 919

96611611 Τ. ix, 911. 8. 11, 1. 11

866116161811,9. 196

866111611Τ.·· ιι, 96.· ιι, 976. 1999. 797.
11,.99911,976,799. 111,9.98 81,

866117181188111, 186. 11, 911661. 1.99.Ι,1.96. 1116111116

11116. 81189,

8661161618· 6, 6. 76

 

