clii 166611

rar. 61111 ’ 61161... 111111
1116116161 T. 11, 726 Obliquum T. 1, 262. 11, 666, 616611
11161116ιὲ1.6,116. ⁵¹⁴ ’Μ’ ⁴¹⁷⁹ 311161111112111861 111 rr 116
11111181. vr, 11. s, 61. 111. 1,1. x, 111. zu 161. 61611 ’

11. ur. 61. 11161 01161. τ. m 111
11161166 T. 1, 666 061116 Τ. 111, 647. 11, 446. A. 1, 466

Ν111Τ. 111, 261. 666. 8. 1, 2. 221 0611161 Τ. 11, 486. 111, 666
11116111. 111, 666 0611111 T. 1, 641. 1, 466. 626. 1111, 676.

Nym Τ. 11, 686 offlffingiig 4ἰὶὶ67ι ²⁰
Ο , Ι
066161611 T. 11, 626. 1, 642. 11, 166
0. 066111 T. 11, 666. 1111, 466
obnixi T. 1,416. 11,666. 1, 666. 11,
’ 0611111 Τ. 11, 866 674. 11, 667 ‚
061161116Τ. 11, 667 066116 T. 11, 476. 11, 626
01116661. 11, 667 0661161Τ.11,474.1,666
066661616Τ. 11, 864 01161111.1,161, 11,166. 11, 684
(1666666111 111, 766 066111 T. 1111, 62
06611161 T. rili, 466 0661111 Τ. 11, 44
oberret T. 11, 126. A. i, 611 0661161. i, 162
0666618. 11, 1. 216 0611111 Τ. 11, 666. 8,11, 6. 66

0611661 T. 11, 61 ’06166 A. 1, 72

061111 T. 1, 666 Obruerat T. ir, 166. x, 262. 8. 11, 6. 66
06166116 T. 1, 662 0611161111. ἱ, 161

0616611 T. ii, 6. r, 662. 11, 472 061611 S. 1, 6. 66

061661161 T. 11, 662. x, 412 Obruit T. ii, 266. 11, 466. 642. 11, 626.

061661161Τ.1111,724 1111,217.1,1. 11,44.676. 111674.

061661116 Τ.11,166 81,6.22.11,6.16.1,6.224·. Ar,

06166111 T. 11,761. 1111666 264

0616616 S. 111. 2. 46 Obruitur T. 11, 666. 1, 661. 1, 641

06166161Τ. 11, 144. 11, 267. 111426. 061611Τ.1, 186. 1111, 267. 6164. S.
1 ‘w 1710161 Vpssn 8⁰

6116661616 6616166111

06116 Τ. 111, 666. A. 1, 146 obscura Τ. 1111, 66. 666. 11, 146. 8. 1,

061161 Τ. 11, 674 6. 166
061116 8. 11, 6. 166 Obscura 8. ἰ, 6. 66
obit T. 11, 666. 111, 644 Obscurum T. iii, 166
061111 T. 11, 166. 8.1, 6. 246 06116111 Τ. 1, 62
061161 Τ. 11, 116. iii, 64. 11, 646. 111, 0611611 Τ. 1, 662. 11, 446. x, 166. S. r,
666. S. 11, 7. 64. 1, l. 61 6116
0611118. 111, 6. 66 obscuro 8. 11, 2. 62
06111116 Τ. 1, 266. 11, 628 06166166 Τ. 11, 166. 8. 111,6. 126. 1, 1.
. 0611111 Τ. 1111, 284 12. 1, 2. 16
06111616 Τ. 11, 818 06116161Τ. iii, 666
oblectamina S. 111, 6. 66 06161111 Τ. x. 666
oblectamine A. 1, 166 06161611 Τ. 111, 276. 8. 1, 4. 64
obliqua Τ. 1, 447. 111, 266. 11, 666. 1, 0616661116. 1,1.216
661. 11, 666. 11, 761. 666 Obsequio T. 1, 626. 11, 772. S. 1116. 62
06116611 Τ. 111, 666 0616661161 Τ. 11, 626
Obliquum T. 11, 466 0616111 Τ. 1, 622. 16266
Obliquum T. 1, 676 0616116 8. 11, 6. 44
obliqua 8. 11, 2. 66 01161111. 1, 66
Obliquat T. 111, 682. 1111, 666. A. i, 624 06161161 Τ. 11, 666. 11, 661. 11, 466
0111616111. 111, 111 Obtidere'f· 6171
0611661 S. 1, 2. 27 061111616 Τ. 11, 668. 111, 746. x, 766.
0611111111 Τ. 11, 461. 612 612
06111166 T. 1, 166. 111, 677. x, 667. 11, obsistite T. 11, 476
66. 8. 11, 6. 64. 11, 6. 162. A. 11, 62 061111 Τ. 111, 474

 

