ΙΝ 8ΤΔΤ1οΜ.

080.109811,·118.8.11,108.1, 00011801

0..1 051190 01111118.11,1.8
01111Τ.111,190.8.111,4. 100. 1,0. 18 0111111111Τ. 1, 010
011111111Τ.Ι 1, 000. 000. 1, 81 0111111118· 11, 0. 81
01011Τ.1,011.009.11,.008 ’111,000. 011111Τ.111,010. 811, 888

11, 180 1111. 0. 1, 010. 8. 1, 8. 81 011111Τ. 111, 090. S. 111, 4. 00,

1.,1. 11. .,1.11.11 0811111111
010111Τ.11,410.111,100.1,001111, Ο1111111111Τ. 11, 899

800. 8.11,1.01.111,8.00. 11,080. 011111111Τ.··11, 000. 898111, 819

Amo 0111Τ. 11, 101. A. 1,118
01011118. 11, 8. 80 0111οΤ. 111, 019
01001188.11,11”131 OmitutT 111, 1⁴2· 2⁰⁷
011111111Τ.1, 14. 1111, 011 0111111, 081. 1, 18. 11, 988
011111Τ.111,40. 8.1,0.10 011111Τ. 1, 010. 8.11, 1. 44
Orchomeno· T. 11,090 0111Τ. 11, 110. 809. 111, 001 m. 1111,
011111Τ. 111, 404 98. 080. Am. 488. 094. 100. 11,
0111111811, 1.8 090111. 1110011804. 810. 08.
01111110· 1, 000. 401. 089. 000. 11, 109. 11, 1. 88. 111, 4. 18811, 8. 08

114. 000. 890. 490. 111, 00. 089. 899. 010111111811, 1. 00

081. 1,101. 044 448 11,014. 111, 0111011811. 00

080. 094. 010. 1111, 04. 008. 808. 01111111Τ.,1480. 8.,18. 810-

018.11,000.000.1,19.001014. 001118114089

008.8.1,4.18..11,0.40.1,809. 01ρ11111Τ.1,844.8.11,1..091,1..04

111,.80010111ψο891μ1181.1,.004

1,.8108.0.1,180.8.08010008 0111Τ114004011118118911
Ο1011111Τ.1,8 808. 111, 190. 041.1,100.809. 11,
01011181,8.80 191.111,.040 81,4.88..08 11,.1
0101110181 114.111,.440.11,1..80 1,.8101
01οοΤ.1,198.011.11,090.11,110.1,0.01

009,1109004880899.11,008. 01111111,οθ

8.1,.018..0111,..410111.80.0111111880

11, 8. 101. 1, 1. 91. Α.1,81 01111111· ι, 401. 111, 810 491 1111011,
011Τ. 1, 108. 188. 848. 008. 088. 11, Aii, 000

84. 180. 080. 111, 91. 108. 100. 401. 0111Τ.1,001

098. 041. 11, 184. 881. 001.101. 0111Τ.· 1, 044

Tuo Tm 01111 T· 1,104. 11, ,011 811111 1981
0111111.111,011 1111.11.11,1.1111.1,1.111.ν,1.
Ο11111111Τ. 1, 410 80. A. 1411
01111Ἦ·11,008 11,000.180. 111081. 0111111181,0.11

11488 111,188. 8.,10. 4. A. 1, 011111Τ1080 091 1180409080.

098. 11, 189 11, 081. 1,40. 1, 890. 888. 11, 098.
011Τ.1,’018 111,οΙ. 8111911110 81811,0.
0111111111 Τ.1,009 40.11,1.94.111,0.88.111,8.41.11,
0111111811,8. 100 001. 1,1.81. 1,8.110. 1,.018
01111111181110. 100 011] gi.nS 1, 8. 001
01111111Τ.·1,000.11, 810. 111048. 000. 0111111011, 198

11,49.898.100.111,091.1111,018. 011]μιῐ1Τ.1,889

010. 11, 800 0114111111· 111, 080
011111Τ1,080. 11,401.11,109.11, 01Τ ,11, 884

014. SA, 4. 09. 11,1. 100. 11, 8. 09. 011100018811, 9. 00

1, 1,00. 1,8.104. 190 0111111011, 804. 041. 111, 101. 101.
011111Τ.’· 111, 01. 11, 840. 8.1,..’100 111, 111. 11,00. 81. 1,194. 111, 194.

1. 11 111. 1.,111. ..,11. 11111111. 111.
01111111Τ. 11, 401 040101. 800. 8..1,1 901οΗ80
011111111Τ. 111, 000 008.1114001118.1111119.
0111Τ. 1,810. 11,108. 11,.080 111,111,0..01 111,8.111. 1110. 81. 1,

880. 000. 1111,.4 819. 1, 804. 11, 0..88 Α.ἱ,.010 089. 11, 414

410. 8.1,0. 09. 11, 1. 110111, 0. 81. 0111Τ. 11, 141. 10,01. 11,000. 1,

111,.8.0911,4.....001,8210111, 810Ηο11018οθ

 

