11 smum. xli

511111.1,111.11,1111.,11,·ν,111 4751111445,1111,154.514.550,11,

11,54, 1, 517, 51114, 54, 1,4.
140,4.1,500

405. 544, 1, 455. 455, 544, 11, 457.
454, 544, 744, 111, 145. 405, 414. S.

051155511Τ,111,571. 5551115,ὶ,1.15,11,1.11.111.115.ιιι1

1,4. 55. 111,4, 145
05115551115,11,1.55
0511555155 11, 554
05115511 5, 1, 5. 55
’5511515155 515
0555111151Τ3 11, 745

01.111,4,71.111,5..44115,511,
11471,4.155,11,1,545.545,11,
0111115131, 755
051511Τ,11, 505, 1,45. 441. 555. 11,
1551111441,11,455.575,551.1,

0511115·ιι.15.11,151.11111115,1115111111.11111111111115,

154, 11, 117

4545141151155111545

05155111,11,11.111,11111,1115.’ 1,..145 1,5,50, A. 1, 155, 505.

11,.,4145111,,575.1,,5145
0511111·,.1,155 11, 455447
coloreas.. 1.5
0515111511, 454

541, 517
051511Τ,· 11, 44. ,1.1,154
0511515515
(15151115151ΤἈ111,117,11,444. 111,455,

05151’1’.1,150, 51,4,54.·111,1,174. 5115115

mmmm
05151155.1,1.1
051511515,1,4..5111,,545’
0515111115
0515511511, 511, 5,1,1, 5, 54

· 55111151.ι5,1.11.11,1.11’

05151551 5.”· 15, 5, 50
05155555· 1, 4. 104
0515115179 111, 407

055111111Τ. 1, 441

055111111Τ.··11,455, 1,550, 1111, 551,
11,4, 511454

0551115511, 7, 55 “

0515111151Τ,111,444, 4,501.1,55. 111,
105,.511,..,.1551144..4,11,1411

05151155. ii,7. 10

0551115155, 505. 11,404,1,154.’
454,11,50,111,471,5,11,1.45.111,

0515151111Τ.11,07.111,,44.51,4154 5,,1511,551.1,4,45 11551.
0715515555114154445 im ¹
051151Τ.·111,15,455, 5,1,4,.5 11,,0 0515111173 ι, 550. 11, 445, 414111,

14. 1,111, 445 ·
05155, ,111, 444. 1111, 14. 11, 540

50,454,11,155.555.575.1,555.
ι, 715.11,554.111,144. 1111754 11,
77, 5555455114, 1, 451. 445, 447,

5551111,111..,115.ι,151.111,515...1115111111111111

‹wuvmoeAnffl

104,155,441.514,755 5111111.

05111εΤ.1157,544.1,445. 11557, 11544, 111,..4175 mmm,

11, 751, 1,555. 11, 5555 ai,

4.1,,4,55 5,1.,,,445551555545,’

114.11,1.45,111,4.1,10,1,1.414.11,54.445.445.454

,511154

0551111Τ511,455,· ιι,51011,1“01.4.1,

0515151Τ,111,145.405..457 11,454. 4445 51154

744, 1154515145511555.

11, 051111515Τ,·ι,554. 11115511, 50511,

45551111541114411145. 511.111,.,,155141711,,755 5.1,

151,1, 5115
eom-affl. 11, 107

4. 454
comitur'r. 11, 451

055115151Τ.“11,540111,·,·550 ιι, 555 0511111115111114,Ι 11, 754

05511511Τ1,554, 5,1,4.4
5555151.111,ω5,ι,111,551
550, 111,455

05551551511.1111,74
11,05151511155,11,4,105 .
0555555151151411111,174,11,104

05114151, 555. 40511, 1441455744. 0515555551511, 544

111,145.457,441.1,445.454.

11,05151111511115Τ.111,154

51. 175, 454. 515. 111, 170, 11, 544. Commendat T.' 11, 444. 1111, 555. 11,

1,544.11,477.111455 5111,

4. 445.1,,.45551,1.15

55.,111,4.41.80,1,4.75,1,4,475. 0515155555Τ, 1, 455. 111, 755·

Δ.1,15. 77. Temo
commum
, Comama

0555551153 111, 5. 5. A. ι, 57, 541
05ἑ5115ἑ5ςΤλ11,;5ὶ3,,1,ω5111, 544,

0515515Τ.11,451,11,504. 511111. comminutis 5. i, 5. 74 .

11, 1, 144. A. 1, 44
0511111 Τ,1,140, 111, 555. 11, 54,

11111514 1711, 0151,

0511111ιί11ῐὶ1 T. 111, 444
11,, commisimus A. 1, 45, 455

1114. Stat. F

 

