ιιι 1111ι11ι,11111

17911119Τ,1,94,111,.9978,1,9,99.11,9.99.,...11199971,,977,ν,
911 194. ,41199 991. 1177
9911111189, 9. 49 119111Τῦ ιι,999.“ 11, 191. 11, 199. 1111,
DominantibunT. 11, 199 99911, 999. 1, 79. 944. 11, 797, s.
ΒοωὶιιιιιιιιιΤ.111,999 1944149111119911989
ΒοιιίιιιιΤ,11,119,8.1,..99.Α199 111,9.9911,..9911,..Ι9991,,9
ΒιιίιίΤΙ,ι997,ι1.999 81194. 147,1,9,91.998.Δ.1,149.499.
ιιιιιιιιιιιιιιιιιιι, 1,·141111

88989. 11,..781 91111111, ΒοιιιΙκιιΤ.11,799

11, 999. 1, 1. 74. 119, Δ.“ ι, 991 DomboT. 11, 819

1191111191· 11, 999. 919, 1, 979, 11, ΒοιιιιιᾱιιιΤ. 1, 741

999. 1111, 999. aii, 9. 19111, 9, 19 ΒοιιιιιιΤΠ ιι, 999
ΒιιιιίιιΤ,1,199. 11149, 1,997. 11, Βοιιι9,11,9.99

919. 949. 111997. 1111941799. x, DonueT. 11, 919

199. 111919, 8,1,9..91 11,..179 Βοιιιιι8,111.,999111,9.919
11,991.11,9..911,.“8.991119..119ΒοηιιιιιΤ.1,979
111,4.99,11,..99911,999.ω’1,,149 ΒοιιιΤ,111,.9911,.,.,999119998111,
Βιιιὶιιοιιιιι8,11,9,99 9..199111,.47
ΒιωὶιιιιιΤ,1.9918,111,9.49 Βοιιιιι8.1’9.9991.11,177
nonin-nrm 111, 999. 11,.799 11,194,1)91111118.111,1.79
499.1ι,999.8,1,..941,,.999111,ΒοιιιιιΤ,1,494

4. 99. 1,1. 991 Domus: 111, 9. 149
Βιιιιίιιιιδῧιι,1.99,111,9.191.1114.ΒοιιιιιΤ,11,999

191.1,,194 11011911· 111, 919

noum. 11994 ΒοιιιιΤ· ι, 91

1111111111Τὶ1,919 119111Τῦ 11, 719

1711111111111189 ΒοιιὶιΤ.11,..999997 8.,..19199’ 111,
1111191111999119991198981..199111,4..19911,,.994 1, 91
11,..94119.17.11,7.,.,99.1199 179.1,,.49Α.11,49,999
Α’1,;·111.1,ιιι) DonoTAAoq. 1111111911141.
DomommT. 1999. 111,,74 1,97. Sa, 944.,999111,999.1,99,8,1,,1197
1199 DonumS.' 111, 4. 97

ΒιιιιοιΤ. 1, mm. 11, 191999 111, mmmmm

979.11,.98 999.949,1,97.97,.197 DoroeuTss ιι, 919. 899

149,111,.7 1111, 9. 49. 999. 999, 919, ΒοιιιιιιΤδ ιι, 999

999. 11,999.798.1,949. 799. 991. 1191111111749. 111, 999. 1111, 199.
999.11,1..99791 111,...48199999 11,.919Δ.1,999.11,199
941919789. 1111111111. 1, 9111111Τῦ1,111,11,119.1111999
47911199.111,9..47199.11,.9 1101141111, 971. 1119. 198
99.11,4..9411,.999.199.Δ,1,1101191811,9.99

199, 11, 99 110ήά919111, 9. 19

ΒοωιὶιιιΤ, 11, 94 · 11111911· 11, 199

ΒοωιιίιιιιΤ. 11, 91 9911191ιί, 9. 89

Βοωιιὶι8,11,,·998 · 1111118,,14.99,Δ.,1449
DonumTiAw. 111,199.11,..999449 ΒοιιοΤ,111,,499 11,·994. 1,.9998,11,
1,.99911,191.111,147.119991 1,ιι,1ι,ι..449’9

179, 979. 811, 9. 91. 111, 9. 119, 1111 ΒοῃΙιιΤ, 11, 971, 111, 19
9.99.11,9.94.1,1.149.Δ.1,191. 1)ιιιΙιΤ.11,179,11,999,,81,9,49
9191199. 914 DohletT. 11, 119. 55, 499
1911111111· ι, 17. 999. 999984. 971. 11, 99111111· 11, 499

949. 999.· 111, 191. 979, 11, 99. 191. ΒιιιοιιιιιΤ. 111, 19
979.1,.9477.194.949.919. 497. DnconumTst ιι, ’919

991. 11,49.149.111,.49.991 977. ΒηριιιιΤπ 99

719. 191, 997. 999999, 1, 191. xii, DryadumT.''n‚ 991. 11199911, 9798
98.949..8198.1,..1719197 1,.977
’999.1,.99.79.94.1,9..99 11,,1 ΒῃιιιιιΤ 111999 11949
47,,79197.11,..94911,,.4111ι1, 9111119111991
1.99.79..99199.111,9.99,191. 111111111199911897879 11981
111,999.11,.,99199.11,..9.1994 DryopeTAiAlA

 

