41414

847444481474

8444444441 8. 111. 7. 77

8444441444 Τ. 14, 178

8444147441 8. 11, 7. 177

8444441444 T. 4, 477

84744481448 411744

8414444444 8. 4, 4. 114

8474144448 411. 447

8444111444 811, 44

§abditam

8444414 Τ. 14, 474

8444111118 411. 474

84441714 Τ. ι,777

mio T· ffi, 104 iv, m '

&buium τι 'T' “⁸ ⁸

7414144414 81444

8444111118 41448

847444111814, 4. 17

844414444441 Τ. 41777

ΜΤ· 17, Tu· ὤμω

844144441418 111, 777

8441444448· n, 877. 8.1,7.77

8414144118· ι, 447. 814, 4. 47

84714411448111,1. 177

8114844418 14, 77

8414444148 1,477

84444414418 4, 474. 8. 1, 7. 47

8444414418111, 7. 87

8474444448 v, 477

8147444118·

8411444118. 111. 7. ὀ·77

8414414444814, 4 7

8444474148 v, 784

844447444Τ.411,784.7.1,7.11,77

8444474441 Τ. 11, ³oe

84ω4711 T. 11, 7. 411, 747

8444411114 T. 1, 477 ’

8444447444 811, 1. 144

Summam. 81, 7.44

844444414448 ι, 787

8444441441. 4111, 777

8444174448 411, 477

84441741 Τ.· 44, 1177

8444174148 4, 117

844411144814, 774

8444144148 111447. 41474. 81111.
44. 4,1. 11. v, 4444

Succincti 8. 4, 8184

844414841,777.111,147.8.1,4.17

84441448 14, 874

84444 Τ. 41, 171. 81, 4114

smus.. u, ⁰..oe fimat A· TT,

8444447118 4, 7. 14

8444444814, 748

umbi» 8. 4,7. 144

84744118 ιι, 844. x. 787. 411, 478

8411441148· 44, 477. 814, 7. 74

84114448 4,444. 81, 4. 44. ,41, 17

num .

847414814,774 41, 774

84441448 14, 771. 4, 187

8474444118 4111, 411. 8. 4, 1. 177

841144118·· 41, 7. 174

84114418 4, m 8111, 7. 141

84744814, 777. 4, 448487. 4111, 414.
ι, 447. ,1.1111

8111141 Τ. 14, 777

Sudor T. 11, 777. 111, 711. 477. 474. 4,
174. 41777. 1478171. x, 47. 8.
4, 7. 44. Δ. 11, 447

8υάοΝ Τ. VH, ⁸⁸· Vffi, T· m ⁷1⁸· TI,
717. x, 784. 41. 77. Δ. 1, 147. 477

8411441144 Τ. 1, 477. 14,141. 41,477. 8.
4,1.174

84144148 41, 874

8441481, 4117. 41, 847. 4141, 771

84448 41, 778. 41441. 811, 417

844148 4, 717. 411, 471. 814, 477

844148· 44, 44. 411, 478

844148. 44, 7. 77

· 8441444814, 771. 41, 141

844144Τ.14,714. 41, 717. 411, 447. 41.
177..8.11,.77 4,7..47144

8484444481,1.74 81174844

8118441483 44, 7. 77

8484414448 41. 47

84844 8. 4,7. 174

84844448 41, 77. 8. 14, 7. 47. 4, 7.

8484444418. 111, 1. 74

8417441418 11, 417

8418414448 411, 487. 8.1,4.147. 14, 4.
7. 4, 4. 11

84841418 14, 777

848414 Τ. 4111, 714

848411 T. 4111, 414. S. 4,4. 17. A. 1, 44

8484114 Τ. ι,778

84841441 Τ. 14, 774. -41,477. 8. 4,1.
47. 4,7. 117

81411ηρ14. 11, 7. 144

8484471 T. 41, 171

848144 Τ. 1, 177. 11, 777. 411, 714

8484444811, 1. 41

8138448414411

811334 4118 411, 441. 77818441. 747
ἓ,,μω8 .1,7. 114
SmrTm,w.u‚ffl

8414414448· 4411, 747

8414441181, 771

8414148· ι,7

8141448· 44, 447. 41, 417. 411447

81414448·1,177.111,181.44447. 41,
414 4111, 147. 411, 774. 814, 7. 47

8414444814, 84

8414448 411, 777. ι, 477

8411448· 1, 7. 74

84114148· ιι, 17

8411414481, 71

 

