114 metunt.

81101 T. 11, 888

81111111. 1. 878. 1, 40. 8.1,111

8110111111111 Τ. 11, 484

suentem T. 1878. 487

8111111111 8.111, 8. 101

81101111. iii, 81. 1, 8801 111, 180

81181111 Τ. 11, 840. 1170. 1111, 870

81101118. 11, 4. 87

8110118. 11, 2. 7

8113111 T. 1, 48. 888. 111800. 888. 888.
11,08.144.487. 784. 1, 088. 878.
11111. 111, 887. 718. 11, 814. 887.
488. 488. 400. 807. 1188. 178. 488.
8. 1, 8. 78. 11, 8. 88. 11, 8. 80. 1118.
08. A. 1444

81111111 Τ. 1888

8111111111 8. 1, 8. 188

81131111 8. 111, 8. 110

81181111 8. 11, 8. 8884

StngnoT. 1888

8113111111 8.11, 4.0

81111111Τ. 1, 878. vit, 770. 1111, 18.
11, 408. 81111180. 1,1.108. v,

8111111 Τ. viii, 148

1111111111. 11880. 111111 11,
88. 81. 11804. 887. 888. 484. 111,
184. vti. 84. 408. 418. 010. 11, 478.
1, 108. 170. 000. 088. 11, 410. 111,
11. 418. 8. i. 1. 48. 11, 8. 10. 111,
8. 74. 1, 8. 14

Stantem Τ. 11808. 11748. 111718.
1, 481

8111111Τ.1,108. 1, 77. 078. 11810.
6881 888,811 stadem· iiim· l„

8111111181, 8870

8111111111. 1, 888

81111 Τ. 1, 180. 108. 810. iii, 87. 804.
vi. 400. 488. 1111, 080. in. 888. 1,
184. 888. 781. 818. xi, 884. 888.
111040. 8.1,4.8. Ainus

8111111 8. 111, 8. 88

8111111 Τ. 111, 004

811111 Τ. 1, 84. 8.11,1.111. A. 11, 440

81111. 878. ἥ, 88. 111, 188. 11,-111.
8771 m· m· 8041 V, 281· 888· 6081
008. 1188. 888. 848. 808. 808. 111,
08. 4871111.

111 Τ. i, 111. v, 111 11111. 1. v.
8.118. A. 1, 078

8114111 8.11, 8. 80. 11, 8. 40

81111111 Mitt. 104

811111 T. 111, 47. 111, 880

statione Τ.1,148. 11484. 1, 74. 11,
²¹⁰· s· '9⁸0 lma '2⁴⁰1'

stationibus 8. 11, 8. 18

811111 Τ. 1,088

8111181888

8111111Τ.11,888

8111111118111, 1. 180

811111 Τ. 111, 818

8111111Τ. iti, 108

81111181, 8. 17. 810. 888

8111118.1,1.10. 818

stellanti Τ. 1, 808

stellanti· T. 11, 078

8111111Τ. i. 80

stellatum T. 11, 877

Stelligeni Τ. 111, 000

stelligeram 8. 111, 8. 77

811011 Τ. ii. 040

Stemma 8.111, 8. 44

8181111111188.11,81881 {Te 81η· Tho
mmmm

811118. 117. 17

stentem T. 11881

sterile· Τ. 11, 18. 111108. 1, 108. 11,
888. 111,40. 8.11,1.187.804. 111,
1.18.11,8.18. A. 11, 180

sterili 8. 1, 8. 18

sterili· T. 11, 70. 1, 87. 8111148.
11, 8. 87

Sternet T. 11, 088

8111111111 Τ. 1, 011

8111111011 8. 11, 0. 80

sternendi T. 1, 814

sternentem Τ. 111184 Ι

811Δ11111 Τ. 11, 040. viti, 187. 11, 810.

,11, 400

Sterneret T. 1111, 488

Sternet T. 111, 80

8111111 Τ. 11, 744

sternit T. 11, 787. 11, 178. 1111488.
11, 888

sternite 8. 111, 8. 8

Sternitur T. 11, 80. 808. 111, 84. 818

Sternunt T. 11, 110. 111, 040

Sternuntur T. 111, 780. 11, 888

Steropem S. 1, 1. 4

8881111108 81181, le ¹⁸1

Stesichorus 8. 1, 8. 104

8881Τ1811,ω81 s· 17, ⁶· ³⁹· TV, 81 2⁴

81111111 Τ. ii. 810. 1111111 11474 .

8111111118111, 1. 110

8111111111, 1811. 11111 ·

Stetit Τ. 1, 114. ii. 008. 088. 111, 078

sthenelus A. 1, 408.

stum Τ. 111, 087

stimulante Τ. 11 004 ,

8111111111.111,111.111. x. 887. 8.
1, 8. 880

811111111Τ. 11, 404. A. 1888

8111111111 Τ. 1111, 88

8011811111 Τ. ati. 487

81111111 Τ. 1, 148. 11, 400. 1,100

8111111117. 111111. 11888. 1888

 

