IN 07471011.

11.......8.11,1.111.1.,1.11 1111111116 Τ. iii, 48
Humana T. iii, 000. 8. 11, 4. 2 1111111111 Τ. 111, 20. viii, 401
1111111118.11,6.2 ’ 1110111111 Τ. 11407. 1110. 811.
1111111111Τ.11,204. 111200. 8. v, 1. 46
200. Α. 1220 11101116111070. 11000
Humanas S. 1, 1. 08 1110111101 S. 111, 0. 07
11111111εο11 Τ. iv, 601 Η1Ι111111118.1,1.82
Humentes T. 11, 464 Hybla Α. i, 667
1111111110 T. ii, 627. 111, 711. 1177. S. Hyblaia S. ii, 1. 48
11, 4. 20 1111111111 S. iii, 2. 118
1111111111 T. iii, 412. ι, 100. Δ. 1, 404 Hydaspen T. 1111, 227
1111111111οω1.111,2. x, 148. S. 1, 0. 8101111111, 441
02. Δ. 11287 Hydra Τ. 11, 077. 11, 100
1111111111οι Τ. 11, 700 11111111..1.411.οὶ1,1.1111
1111111111 Τ. 11672. 111066. 1111628. 11111161. 1, 110
1.,111. 111. s. 1., 1. 11. ..111 1111111111111.1111111111
ilumeris T. 1, 700. 111, 027. 11, 100. 1, 1111111111. 111, 406. 1, 78. 604. 700.
720. 11, 800. 800. 800. 800. 1111, 707. 111, 70. 721. 1111, 001. 11, 008. S. 1,
ix, 681. x, 40. 600. 048. 8. 111, 1. 00. 0. 06. 111, 1. 121. 111, 2. 44. 1, l. 00,
1781112100. 111, 4. 00. v, 1. 04. 128. v, 20. Α. 1, 04. miei)
1,2.120.Α.1,100.204.000. 11200 11111111 Τ. 11, 622
1111111010 Τ. 11, 071. 11, 004. 1111441. 11111111 Τ. 1, 048. 1, 10.112. 080. 111,
ix. 804. 111, 740. 8. 1, 2. 2 88. 740. 1111, 420. xii, 000. S. 1, 0.
Η.......1.1,111.119.11,111. 11, 101. 7.1,4.121. 1020. 11, 2. 28. 111,
206. 060. 402. v, 400. 11, 400. 714. 2. 70. 111, 6. 70. 80. 11, 6. 6
800. 1111, 000. 11, 207. 002 407. 604. 1111101111 T. vi, 000
8. 11, 160. 111, 4. 87. iv, 1. 21. 12. 11111118.11,1.110
07. Α.1, 100. 027. 040. 000. 11, 06 1110111440. 111111
Humi T. ii, 626. 11, 070. 002. 11126. 11111111Τ.11,140
11, 810. 11, 700. 811, 1. 170 Hyllum Τ. 1111, 608
1111111111Τ.1,007. 111001. 11, 874. 1111111101601. 171. 8. 1, 2. 24.
x,l 208. Α. 11114
Humidum S. 11, 0. 07 Hymenaeis T. 11, 202. 111200
1111111111 Τ. 11, 768 Hymenoeon S. 117. 87
111111111117.1,017. 111111 Hymetti T.1ii, 022
¹ 1111111111Τ.1,446. 111007. 111, 071. 1111111111. 1111, 422
viii, 021. x, 004. 870. xii, 701. 8. 1Ι Hyperborea T. v, 090
4. 40. 1110160. A. 1, 200. 1100 11111110οη01 i, 000
227 Hyperboreos Τ. 111, 060
1111111111.1,171. 11600. 11800. S. Η1ρεῐο116111Τ.1111,404
11. 1. sa. 11111. 11, 11 Hyperiona 1. 111, 11. 111, 11
Η1111111Τ.ἰ1,761. 1, 000. 026. Α. 1, Η1ρε1161118.111,1.60.11.4.27. V,2.
Hnmo T. 1407. 11600. 017. 1190. Hyperionis Τ.11,120. 811120
120. 460. v. 000. 620. 11, 022. 800. Η1ρ1111111111111Τ.111,410
x, 018. 8111202 11111611111181, 6. 60
Humor Τ. 11, 008 11111111. 111, 010. 028. viii, 006
Humum T. 111100. 407. 111001. 11, Hypseos Τ. ix, 270. 072
210. 018. 407. 1, 160. 647. 111, 000. 1111111111 111720. 1111428. 446. 11,
1.,111. 11111. 1111111 111. 111. 1111111111. ..iso
1111111111Τ. 111, 07. v, 006. 11410. 111, 1111ιί11117. v, 00. 644. 712. 11, 102.
810. 1111141. ix. 24. 1204. xi, 240 ,
277. 11100. 260. 8. i, 1. 67. 10. 1111111111111.11,721.741.100011,
00. 11, 2. 08. Α. 1, 420 178
Hyampolin T. 111046 111ρ1ἱρ1ΙωΤ.11041
1111111161 Τ. 1, 180 Hypsistas T. viii, 000
Hyantius. 117. 8 Hyrcana T. 11, 608. ..111111
11111810. 21 1111111111.11,078.1,004.111,170

1111111111 Τ. 1186. 8. 11, 0. R ,4.11, 01 8111101111,οἏ

 

