1141 111111

8111118. 4, 4. 144. ὶ,..848 14,4..48 8111411118. 4,4.448
444,1.44. 4,1.144 8111111111.1.,111
8141114441844 844,,.1148 411,4.81111111114,441484.,.1488 8.44,.4
81111118· 14, 444.· 11, 444. 4.,4884 8111111118.··114,1.144
Annum T. 44, 14 Bacche T. 44, 448. 44, 444. 444. 8. 44, 1,
81111111Τ.4.488 48
, 8111111111 Τ,44,114 Β...1.11...1.11,1.11
811111111Τ.1444,118 81114144.·14,484,1,.444 8,4 ,m
411111.111,141.ὶ.,111411. 44, 848, A. 1, 848. 448.“ 11, 884
4444, 84. 481. 41, 144. 11144. 84, 8111114118· 11, 444. A. 44,4
1.84. 4,4,88 81111114. 4,11. 44, Tu. 14, 444. 444,
1111111111. 1., 111 1111 111. 111 11111114 -
811111111844, T. 144. 4, 1. 44 81114111 Τ, 4, 488. 44, 488, 4, 444. 414,
Autumnus 8. 44, 1, 414 884. A. 4, 484
8411411Τ. 44, 44, 1, 884 8111111114, 444,148. 1, 414. 441. 14.
8411411111 Τ. 4, 448 111111881111. 44,4-44. 4,
841111Τ.14,144.144. 444488. 4,848. 1.118
· 41,.444844.444,1.14,484 8111118444,4,.,,14444144
8411114114314, 8. 14 81111114, 14, 484. 14, 484
1111111111.1.,111.8.1.,1,11.1111111111..1,111 ’
411848844848 8111411844,4.44
81111114, 44, 114 81141811, T. 44
81114141Τ.41,448.884 8111418· 11, 4. 44
8114811141 T. 41, 888. A. 44, 444 8111111118· 14, T. 41
8114441118, 4,1, 144 814118· 14, T. 14
8114811118 444, 4. 44 flainus. 4,4. 184
81141448 1, 74 TAAs: 1, 4. 84
811141418”11,Ι44. 44,444. 44484841, 81411118444,4.14
14411444 814118.114,4,.4144,.448
8114141114.44,444. 41,144.84,.4 114 81111118.14,8.14
811141Τ. 41, 444 Balatu-T. 1, 48
411Τ.411,114. 444. 4, 88. 44, TA. 811111111811444
111,.1,1111.ι.1111.11,411.111, 811111414,1,844
448. 848.,444 444. 8,1,..,4444144 8111118.4,4.,44 4,8,.14 44,.418
8.·1, 148 8111111Τ.11,441
8111184444. 444848. 4144, 44, 8. 8111141184, 84
44,4.144.144,4,44 8111111144.4144,1.48.41148
8111Τ, 44, 444, A. 84. 1. 444. m 8111111111. 11, 444
111444. 811111. 44,4. 144 111111..1.111,11,1.11
814Τ, 41, 441 81111118· 11, 414
1.111.1’.’1.,111..1,111 81141114. 44, 44
8141Τ. 1, 444. 11444. 444, 144. 488. 8141181444. 111 444 8114,4 81
1ιωω8ω.ω.1,ω.η.1η,η’
8444, 1. 84 8141141189 11, 4. 44
811111141444 8114181418414, 4. 44
1111111111, 111 1.,1.11.1.,1.
8. 8118411118 44, 4, A
8114114411118.·· 1, 4. 4
8141111884. 44 8111414184, T. 184
81411111844,1.44, 44,,884 11111..111,111.11,1.11.11,.111
Baby 4111418444, 4. 144. v. 1. 44 81111118· 1, &T
11111111.ι1,111,.11,111.11 81111184,4.,4444,1,441

184. 41, 41, 148. 448 811148· 144, 1. 44
8111411486 144, s. 44 8111418· 1, T. 14. 44,4 4,148

Tamum. 111111 1111.11,111.1.,1.111.1.111
8111411118 444, 844 11111111.1,1.111..,1.11
MUST· 841460. 811411181,8.44.,44,4.14, ij ⁸· Tu·

 

