46 {⁰⁰⁰¹

ῦεΙΙάΙΤ.11,466,1,461,6’,,114,47 (111111Τ,· ιι, 767. 6461614. AT.
61116111,11,.1 111,·464,1111644.61 666

111416... ,..,.,....

(TunTtT. 1, 416. 1111446.414.11,441,

664, ι,446.666.664, ι11,466.4.ι·1,

(1111611161, 446 111,416. ι11,614. 6. 616, 1, 4. 64. AT ,446

6414141141,144.11,674,1ι,,447 AT,
6114411111, 441
6111111143 11, 414

6111111Τ11441464666441146

111,661,1111.414. ι1,414, 111444,
416, 6111, 4. 41

611111111Τ,··1ι, 161, 641, 1111144, A

11,,,,.,,111614466.1466

GeTuT. v, 464. 466, 11, 464. A. 11, 464 (111111111Τ.1,16,16,44·4. 11, 41. 464.

61111116, ν, 6. 76
ῦειιιιιιιΤ. 11, 114
6111111111 T. 1411, 164
61111111Τ.111,446,11,646 11,466,
1114111461.1,111,1ι,111.11,ιιι.
GtAmeTTTeTTl'U 1,146. 11,444.666.1111,

111,,,116166664,676.11,44,446.
1,46.441.476,661,11,14.444,111,
46616, 1111, 664, ιι, 466. ⁰1⁰. ι,
47ἰ 'T’ momnmom ὢ, n}
444461666744, 61111111.
44,144,11,.4,4411,6.6.44,1,,1
44444. 1,4,44,,76.614 1,4. 46.
A.' 1, 66. 11, 414

476,1ι,46.ι,611.674.111,47,466, (1116·6Τ,11·,64.467

(1144411111,ιιι..ι,ι11
611111111Τ.1,446
ῦιιιιιιιιίι Τ.· ιι, 764. 1.·11,1. 41

6111111161έί, 614
(1111111Τά, 146. 6,1,4.44
ῦειιιιιιιιι 4114111
6111111614.“ ιι, 116

(Temenum. 111, 441, 1, 464, 111, ommms.i‚2.1u.1ii‚.⁰⁰⁰

(1161161611144
6111111111. 11, 166
cenetens. 1,1, 166
(1111111111Τ,·ι11,67. S. 11, 1. 446

111ωωί1111114,1111,447
ῦοιιιιιι11·1“,1ι,664,111,,441 6,11,,1

1111111111. Δ.1,444

(1111116111646
Genusum. 1, 664

61111111Τ,,1 1441111441464, ι, 61111ι1Τι166111,,647 11,146. 6.

641. 6,11,,,411111,,1161.11,1.
mvsw

11111111·

cem'nutT. 111, 611. 11, 441, 1114144411

61111111·Τ.11,146, 11,4146141,,616 (1116Τ.1,4·44.111.446,ι,666.11,
111,,664 1111441161144111, 464,674.6,11,,646.1,1,414
661.6.11,,4·144.1,4,,146 Δ.1,14.6611111116,1,464

61111111141111. 61. ι,4,64

(111111111Τ.1,114.444. 11464. 11,114,
1111111. 11,444, 11,141, 444. ·6.·· 1ι,
T· 21· TV, 4. ²⁶· A· 44, ⁹⁴⁰

GeminttT. 111444. 11, 746. 4. 1, 4,

(1141111111ιὸ5 1, 1. 1
Geminamm‘h' ιι, 164

GeanTT. 114611. 111, 144. 466, 1, 474,

Θεηυτ.1,411,ιιε.ιιι,ιιιιιιιιι

466.·“111,661,164,11.414,471,444,
1,64,4·46,11,,466646,1117,,6444
414, 1111, 464, 644, 1ι,146, 414.
464, ι,,,,166.44664461411,,446
414. 111,141,446,444, 1111. 14.
116111144.4411114.146,111,
4,44.,161,,.,1441741,4,6.1,

9,1118111111 111, 11111111,

446. 1161111111. 1114461111, GenerT.Tv.T⁰. 111466. ι,446. 11,

44441446414671146

444,6,11.46.1,4.76

(1611111441, 44. 146. 11, 144 447. (1111611111Τ,11, 416

444, 11, 464. ,41446

(1166111116.11,7,44

(111111οΤ11,464. 11,66.111,.664 11,61111111Τ.,146
464, ιὶ,1·14,6.1,4·.64, 11,,,444111, (1111111111ιΤ,1,446

GTmTToTT. v, ⁰⁰⁰. 444114, 111, 114.

(1111111111, 446. 1111, 644, 11, 164. 4.

111,,411

1111.,·,,446ι77 11,.,,444414.4,1, (11111111Τ.1,,,,64461444464.11,,147

464

ῦιιιιίιιιιιιιΤ,ιν, 644, 111, 66, 161444.
1ι, 761, 1, 464

(1111111111Τῦ11,446.1,417,141

166, ιιι 444646 1,.·,644ι614.6.

1,4.166,11,164

GeneroT.1v,121 11, 416, 641. A.' ι1,
444, ⁰⁰⁰

 

