11 11111111, ccxlv

111811.11,818,111,188. 11,188. 1111, 18111111Τ,111,878.888
8188.11,118,11,181, 871. 8.·11,8. 18131111.1111,878. 11188. 111888.
11.111.1,11111,11ι,1,11 1111.1,111,111,1.11,.,1,111
111111,11,871 VulgumtT. 1, 87

11111118,11,1.818 11111118,11,8.11
111111Τ,11,188. 11, 181. 111, 178 1813111111, 81
111111,11,188..11,118 1111111Τ,11,187
1111111, 1,881, 11, 881,11,181 1111311111· 11, 887
11111113 11, 888. 8.11, 1113181111· 11, 817
111118,1,11,18,11.81.81 11131Τί1,881.,.,·888118811111181.
11111Τ.11,888,11,88 178.888.1,18,818,781. 11, 188. 1,
111111Τ.1,881.1111,881 188. 11, 711. 111, 181. 788. 8,“1,8,
Ummium ¹ 88.11,1.8.11,1.18
1111111117 111111111111111.1111111,
8111111118 787.111,118, 8,1,188
1111111, 1111, 718, 8111, l. 188 1111111 81,188.111,111,181.11,
111111.11,18,888.1111,118. 1111,1111111111,1,111,.1,111.111,
11,ί“1,1,111,··ιιι,1,11,11,1,11,111. 1111,888.8,888.11,188.118.
1188188811 8,11,8.188,11,8,1
11111Τ. 11, 171 1111111131111111111,11111111,
1111111111,,1 818 188.118.“11,188, 1,88,187, 11718.
111811,1,118.11,817. 11188188 111,878.1111,78,188.11,88.888.1,
111111Τ,111,778, 81,1,,881,8.,188 178.718,11,.11181.818.111,187.
8,1,88 881. 81, 881. 181
1111111.1,817.111,111. 11188111, 111111131,11.118.1111111111,
817 818, 7111111111, 78111, 1,881,
111111Τ. 11, 811, 111, 181, A. ,111 188188717,11,18.181.171.788,
1111111111,ι 11, 881, 11, m. 8,1,.8,878 111,781. 118111811111118.
A. 1, 878 778. :MU- 778. 11, 818. 117, 111,
11111.1,.888111,788 1118.111,1..18111,8.,,,811118.
1811Τ.11,.18111,88.11,11.Δ.1, 11,811.1,.118
181 11111118111111Λ18, 11,111.11,11.
mim. 1111111 11888.111,88.8.1,1.18
1111111Τ,111,818. 11,718,1,881,11, 1811111111,1111,718.11,118.878.871.
87 u 188
1181Τ.·11,117 1111111111· 11, 87
111113]11·1·,·1,188,11,887 888. 1,.181 11111111Τ,··111,188,·11,188.171,11188,
111,888.·11,111.11,188.188.111,11,878,111,711.1,118,1118811.
881,.81,,8818,,,18111 1111881111881
1181111818111178, 11,.888 8,1”1,8. 11111118.11,181
1111111111, 188
UtmqueT. .¹’ 788 1111111111
11111111Τ,11,118 1111111111Ἣ11,818.11,181,1,181.11,
18111811111,188,1881,81,171 888188881888118111.
1111111118.1,888.11,188,11,,888111,1,881,.1,11,181
1181111811. 11,1118,11,1,18.11111Τ.1,888,817,1118818111,
111881 711.11,118.788,1,,878881111,
1111111118,,18,888 881,778.111,18,718,11188818.
1181111811,11,818,888.788,111818, 811,11,818887.811. 1,11.88,11,
1111181817, 11, 817 xiim. Si, 1111111111111 8.·1,1,81.
1111111, 81 81.11,1,188,111,1,177.11,8.11,
1111Τ.,18118,.8.,1181 11188818188881181
11111Τ,111,118 11111111Τ.·11,811, 1111111111,
1111111 1111,118, 811, 8188. ὶ1,8.181.887.1118.788.1,881,11,888,
18 888,111,81,118.188, 11,881.111,
1111181818,111,1,118 888. 8.1,8,.11 11, S. 18, 111, 1. Sl.
1111111111, 1, 120 1.·1,11,11,111,111.1,111
11111118.11,1.81 11111111Τ.“· 111, 188
1111111111,1,188 111111111111, T. ⁰⁰

 

