11 1111111111.

6111111111.1,11.1111111111
01111811, 262. 111, 682. ix. 72. 1,441.
111, 215. 8.11, 1. 21. 11, 675
011118111, 168. 11, 216. 811, 862
carpathio T. 1, 182. S. 111, 888
Carpathium. 1, 186 ·
cnpe Τ. 111, 169 ,

0111111118 111,.711

011ρ111111118· 11, 4. 6
01111111Τ.11,6Ι1.8.11,1.146. 1,.1

011ρ118” 1, 211. 11, 766. 721. 11, 467.
01111111114 8 v, 1. 166
0111111811184. 8. im. 165

οιῳ111..11,111.1111.1111 -

canerem, 125 8152
0111118 111, 522. 8.· 11,1. 77
0111118113225

011]1)6118.”’ 111, 2. 85

0119011611816 22

01111118 111, 276

0111111 Τ. 111, 718

Carysto· S. i, 6. 24. 11, 2. 62

01118111, 1. 82 ,

011111 T. 11, 161. 111, 268

01111811, 428 ,

0111111811, 6. 26

0111111118 1,746. 11, 462. 218. viii,
512. 811791. A.i‚ 644 ,

casp 118 viii. 296. 1, 288

0111111168· ιν, 4. 64

0111111118 1111111

0111181,562. 11,72. 11, 166. 626.

0111118 11, 442

01111 Τ. 11, 86

0111111111 A. 1,462 ,

01111111. 11, 111. 265. 262. 11, 266.
222. 111, 242. 1118421. 472. 182271
641. ι,762. 18228428. 111, 182.
712. 8.11, 6. 42. v. 2. 182. 181262

01111611 Τ. 11, 226. 111, 262. . 1111, 166.
722.1, 766

011111Τὲ’ 11, 16. 717. 11, 122. 217. 11,

221. 11, 166. 766 11, 286. 267. 8.

1, 2. 47 . . .

01111118· 11, 672

0111111118 1,(118

01111118 11, 662. 11, 168

cmm T· 11, 2271 2641787.’11,666ι 62⁰·
8.11,6.21. 1,1.62. 154 .

011168 1,68. 8.11, 7. 62. iv, 2-11

· 0111111111 Τ. 1, 62811, 228. 81, 82 ’

1311111117. 1111, 176

(1111111117.ἰ,515. 111, 22

emelinam. 146 ..

0111131111( S. 11, 6. 51

castigat T. 11, 726. 11, 78

1111111.11 11110111.

xxxiii

(11611117.11,112.11,117
0116311185· 11, 1. 45 ·

ι casti 1111118· 11, 271

011115118.’ 11, 6. 18

. Castior S. ἰν, 7 . 12

0111111. iii, 1. 122. A. 1. 276

611111611117. 111, ms, v, 1. 41

011117. iv, 719 .

022101Τ.21,229. s· 17, ³· 261 17, 61
16. 1,2. 129. A. 1, 186

01111111 S. v. 5. 122

01111111Τ.11,216. 8. 11, 7. 48

ι 0111118111, 221. 8. 111,2. 17

11111111, 111. 1111111111. 11,
284. 626. 661. 666. 628. viii, 226.
1, 2. 16. 162. 282. 288. 11, 62. 442.
111, 551. S. i, 2. 267. 11, 2. 124. 111,
2⁶90· 1²¹0 Τ, 11 1⁸⁰· Τ,2110517,01
126. A. 1, 484. 617

castris T. 111, 168. 252, 441. 467. 485.
111111. 1.,111.1,111.111. 11,
1.28. im. 11,-681. 1,·2. 42.
1111111111

0111111111Τ viii, 266. 1, 262 S. 1, 2.

0111111118.1,2. 122

(3111111. viii, 558

01111 Τ. 11, 726

Casum T. vi, 236. 11, 416. 11, 666

0111111181, 14

01111118 1, 6. 62

0111111118 111, 626

01111181, 1112412688 11,(61. 111,
66. 612. 626. 646. 111, 188. 621. ν,
41. 267. 626. 11, 244. 766. 111, 765.
111111 1111111. ι, 11. 111. 111 ,
727. 11725. 8111111111. 11,
2. 121. 11, 6. 68. ν, 8. 148. A. 1,666

0111111 s, 11, 1. 16 ,

0111111181, 1. 44

01111111. 11, 271. 111, 274. 111, 775

Catenae T. viii, 26. 11, 667. 1,“662.
111. s, i. 111. 111, 1. 111. 111, 111

0111111111811, 721 ·

0111111111 8 11, 1. 116

0111111111811168

0111111118.11,6.66 .

011111118111,ι166.11.1,421

01111118 111, 672. 11, 515. Sa, 1. 67

0111111118· 111641. 111, 71. 618. 11,
27. 611. x, 526. 111, 111. 811, 88.
iv...,8⁴v’.·l.116Ai,60³

0111111111 Τ.” 11, 577

0111111117. 11, 246. 221. v. 266. 682.
ix, 812. A. 1, 567

01111111 Τ. 11111111. 1, 468. 111, 667

0111111111. 1, 2. 166

0110 8.1,1.28 ,

Catonem S. ii, 7. 68.
7188111. ⁴

 

