1111111

1111161Τ.111,466. 1, 664. 8. 111, 1. 60

Ν1111611 T. 1, 406. 1, 666. 1111, 466. 8.
1. 6. 61

1111161Τ.1,07. 111, 644. 1111601. 11,
666. 1, 666

1161611111 T. 111, 67. 1, 166

11111611 T. 11, 66. 410. 8. 1, 6.106

1111116111 8. 1, 6. 60. iii, 6. 11. 44

1111161111 T. 11, 607

N 1116111111 T. 111, 606

1111161111 S. 111, 1. 76

1111111Τ. vii, 676. 11, 04

Nimii T. 1, 646

11111111 Τ. 11, 617. 1111, 467. 1, 667. 111,

Nimio T. 1111, 666. 11, 604. 8. 11,4. 67.
v. l· 148. Α. 1, 667. 664

Nimio· Τ.111,666. 1, 406. 606. S. 1,
1. 64. 1, 6. 666. 1,6. 66. Α. 1, 670.

Niobe T. 11, 164

Nioben T. 11, 666

Nisi T. 1, 446. 8. 111, 4. 64

Ν1611 To 61, ⁴⁹8· s· 1,,7133

11 itum T. 11, 666

1111111 S. 111, 6. 106. 1, 1. 100

mmmmm&

11111611 T. 11, 766. 8. 11, 6. 46

Nitens T. iv, 766. 1, 606. 11, 400. 8. 1,
6. 66. 111, Γ. 61. 11, 1. 4. iv. 6. 00

NitentT. 11, Ι660. 1111, 401. 11, 706. 8.

1111111116111111 il: 111

Nitentem T. i, 640. 11, 646. 8.1, 1.

1111111111 8. 111, 4. 6. 66. 67

Nitenti S. 1, o. 11

1111111111 Τ. 11, 006. 111, 641

1111116611 8. 1, 6. 40

111111118. 1, 1. 66

Ν 11111111 Τ. 11, 677

111111 Τ. 11, 607. 1111, 671. 8. 1, 6. 66.
111, 1. 60. 111, 6. 00. Α.1,166. 11, 140

11111 Τ. x. 660

Nitida T. 1111, 166. 8. 11, 6. 10. 111, 1.

11111611 Sili, 6. 66. 1, 6. 146

Ν11161 Τ. 1, 601. xii, 667. 8. 11, 6. l

11111611 Τ. 11, 600. S. i, 6. 147. 1, 6. tt.
11, 1. 94. 111, 6. 66

1111161 S. iii, 6. 66

11166118. 1, 6. 146. 616. 111, l. 6

1111161111 Τ. 111, 440. 8. i, 6. 666. 1, 6.

Nititur T. 11. 666

111111 Τ. 11, 606. x, 116.· 8. iii, 6. 140. .

116116
Nllmem To xlm· 8111,”61Ήο ll, 71
61. iv, 6. 67

1111111Χ

Nmmffimu

1111111111 Τ. 1, 160

1111111111 Τ. 111606 ,

1111111111 Τ.111,616. 11, 664. 111606.
S. 11,6. 100

Ninli· 8. 11, 6. 166

11111Τ. 11, 704. 1, 600. 1111, 406. 11,
116. Α. 1, 477

Nive· Τ. 11, 160. 111, 666

111111Τ.11,666. 611111

11111111 Τ. 11, 767. 8. 111, 4. 66

111111161, 6. 60. Λ.1,100

111111 Τ. iii. 664. 11, 660

1111111 Τ. 111, 467. 111, 666. Si, 666

111116Τ.11,766. 1111, 601. 676. 11, 660.
666. 616. 61. 111, 6. 6. 61. 161.

1111111 S. i, 6. 66644. 1, 4. 160. 11,

Nives T. 111, 66. 11, 664. 11, 416. 11,
104. 111, 616. S. i, 6. 66. 111, 6. 04.
11, 6. 167. A. i, 166

Νωώὴηήωῃω

11111611 S. 1,6. 166. Α. 1, 661. 11, 460

Μηιήιώω

11111111 Τ. 1, 606. 11,600

1111111111 8. 1, 6. 06

1111 Τ. 111, 76 .

Nini. 1111. 8. i, 2. 111

1111111111, 60

111111Τ. 11,616. 661. 1, 10

Nobile T. vi, 666. ix, 666. 1, 670. S.
1. 6. 660. 1.6. 16. 11,6. 106. 114.
16. ii. 7. 114. 111, 4. 04. 11, 6. 4. 1,

1116111118. 11, 6. 61

Nobilior S. ii. 7. 66

111611118. iii, 6. 60. 11, 4. 6

Nobilitate T. ix, 167

1116111111 T. 11, 467. 111601. x. 701. 8.
1, 6. 76. 1, 4. 60. 11,6. 16

1111111111

111,,11161 Τ. 11, 666. 11, 766. 066. 8. 11,

Nocens T. 1, 676. 111, 666. 11, 401. 660.
,11616111ω116

1101111111 Τ. 11, 666. 1111, 60. 11,66.
6117166811

Nocentes τ. i, 111. 11111 iv, 111.
zi, 160. 466. 466. 111, 06. 6068111,

11011111 Τ. 1, 606

1111111111.11,606.8.1,6.6

Nooentibuo T. 11, 164 .

1111111111.11,64. 611161

nocentum Τ. 1111. 11111. 1111.
117. 111 6. 4. 1, 664

1111111111. 1, 671

 

