cliv Ι ’ 11011

0611001Τ. 111, 478 . odrysii: Τ.1111, 67
Oete-T. 11, 48 Odrysio T. 1, 178
001111 Τ. 1, 647 Odrysius. 1, l. 898
00100118.111,8.146. 11,1.1 (168116114141
00101001 S. v, 9. 18 (8611111 Τ. 1111, 489
000111. 1, 688. 111,169. 111, 646. 11, (1161116111 8.11,1. 119

000. 1110. 11111610. s. 11, 1. (1161111..11,οι. 1101110

46. 11, 6. 48. ,1.1, 847. 879 1 (110011οΤ. 11,888. 11, 699. 8. 1, 8. 68.
0011111.1,101.001.000.11610. iii, 1110

W). V, 8880 280. 810· 008· 'A' Ἃ, OEbluoe Το fi, lu· 71, ”⁰0 s· 11, ἀπ’
’ 411. 767. 11, 178. 688. x, 876. 696. A. 11, 449

648. 111, 777. 8. 1, 8. 88. 98. 11, 6. (1164111 S. i, 8. 161

11. iii. 1. 0. 1661101100. v, 1. (1611111. T. ι, 100

81. 179. v, 8. 89. 68. 1’,6. 14. A. 1, (861101Τ.1,498

164. 669. 11, 99. 811 (1811111111 Τ. 1111, 146

Oculo T. 11, 761 18111611 Τ. 111, 479. 699. 1, 781. 11.
Oculorum T. 11,166. 8. 111, 9. 68 445. 618

Oculo! Τ. 1, 78. 889. 646. 617. 676. (11619068 Τ. 1,17.164. 116, 619. 1,
684. 11, 178. 869. 688. 111, 888. 11, 699. 111, 86. 619
87. 91. 1, 484. 698. 11, 66. 176. 698. OEdipode T. 111, 618
688. 689. 789. 111, 469. 474. 1111, OEdipoden T. 11, 486. viii, 848. 11, 491.
688. 618. 686. 164. 11, 46164. 699. 666
668. 897. x, 181. 698. 11, 98. 196. (86100601 Τ. 1, 46. 11, 466. 11, 696
116. ..11, 161. s, 11116. 1111. 10. OEdipodionioe T. ii, 101
111, 6. 69. 1, 8. 7. 1, 6. 44. A. 11, 6. OEdipodionidu T. vii, 816
868 OEdipodioniden T. iv, 491. 11, 486
001011. 11, 886. 681. 699. 11, 488 OEdipodionides T. 1, 818
00101 Τ. 11, 686. 111, 817. 111, 88. 1, OEdipodionii T. 1,811
488. 498. A. 1, 694 (86100611 T. 111, 969
0601117. 11, 66. S. 11, 6. 86 OEmT. 11, 469
Odere Τ. 11, 78. 111. 661· 31. 894. 111, (801611 Τ. 1, 661
666 (80001 Τ. i. 464. 11, 688. 687
061 T. viii, 789 (111001 Τ. 1, 669. 11, 166
00117.ν.11.11,10.ιί,116. 111, 441. (11111611 Τ. 11, 481. 11, 848. 879. ’11,88
674. 769 OEnideT. 11,69
0611 Τ. 1, 187. 11, 4 OEnideu Τ. 111, 898. 11, 118. 1, 496. x,
08118Τ11121848. 111, 2⁴⁰· 6881 811, bns 888
viii, 10. 11. 100010114 (111061.61,110.100.600.Α.11,111
Odimus Τ. 1, 869 OEnomi Τ. 1, 876. 11, 844. 11, 864. S.
0610 Τ. 1,166. 486. 11, 666 1, 8. 48
Odiosum T. 11, 416 (homno Τ. 11, 847
0611161. viii, 46. 11, 848. 11, 969 (8100101001 Τ. 111, 416
odisti 8. 11, l. 7 (8110101011 T. ἰν, 691
0011161111. 1,479. vil, 969. 11, 618. (111110 T. i, 89. 8. 11, m ’
S. ii, 8. 611. v, 6. 49 (1111 T. 10, 168. 111, 67
Odium T. 11, 699. 111, 468 (1111118111, 1. 7
0401 T. 11, 86 OEtaeae S. 1, 4. 8
060118. 11, 7. 16 (1110101 T. 11, 866
,06011111 8. v. 8. 18 (811110 S. 11, 6. 68
odoratis S. iii, 8. 811. 11, 6. 61 (1110191, 119
06011100 S. 11, 4. 67 08611611ΤΙ 11, 448
06011 Τ. 10,417 · (1110106611110
odoriferi. S. 1, 4. 194 0110661111 Τ. 111, 188
0601116101 S. 11, 6. 86 Offendi S. ii, 1. 86
06010 Τ. 11, 194 06006111.11,668 ·
Odrysia T. iv, 794 01101111.1,60.1111161111
Odrysiam 8. 1, 8. 971. A. 1, 486 offensi Τ. 111, 19
061111113ιῇ. 166 offensum Τ. 11,6
0100061691 0600166616.οω

 

