mviii 111011

0111011111Τ. 11, 810 01111111Τ, 1, 900
clamaretur& 1, T. 09 claudere 8.“· 111, 0, 00
(100111111110110011, 1, 0110911819.Ὴο

909. 799, 111990. 1111, 790. 11, 978 01..1111.1.110
01111111 811110 0111191118. 111, 9. 78
cummim! UnTunTT. 11000
0111019111Τ,1.900 01111Τ.”’ 11, 107 1, 189, 8111, T. 189
0111111119.11,111,111118.,11101 (1111081918
011011111Τ, 1, 09 0111111Τῦ 1, 989, 1,79
0111101Τ.111,800 0111010100101
0111101Τ,1,079,1·11909.11,.899 1, 0111111118.11,0.07

199. 11009, 111000099. 1111Ἇο. 011οι1·1·.11,909. 1,07. 111909

1, 907. 11, 000. 111, 909. 990, 701 0111111111Τ, 1111, 700
0111110οΤ.1,997. 111.187.001, 11,01111111Τ,··111,990.1,009

900. 900. 1, 099. 11,99.100, 900. 01111011111111099

008.9.19 011, 111, 110. 971. 1111, 0111111.111111.1.100.8.111,1.10

οω,009.11.100.099. 1,989,901. 0111011110,1111811111

700,11,000.089.111,088. 708. 8. 019118107111, 800

11,8.00.111,8.,,00,111Ν,100190111918,18,1.101

11. 11111 0100111111
0111101101Τ.1,991.111,00,11,819,111,01111108,11,1,99

980.1111,788.8.1,1,087 019111911Τ,1,990,81,.8711,887..7
manamaur. 11, 908. 1,00 001,11,900,111009.989.1.979
01101011Τ,11,998,8,11,9.18 007,11,000,8.11,9,,9 9.1,908
0111110118,’· 111,.0 10 0111111111Τ,’ 1, 990
01103010· 111, 091 01111111οΤ, 1, 087. 111, 900, 810. 8.“ 111,
01111017,11,709.1,19.1111990, 9.11

11, 017, A. 8,909 οι.1...1.01,111,111, 9. 8
0110100101Τ.1111,009, 1, 990 οο...1,.,111.11,11
ang-nm 11, 990 0101111091Τῦ· 111 09111000. 111. 175·
011111119019111119011,981.,,9.1119110.,1111,19

09.988.980,111,009,1111009.11, 01011011111111111110

Tm 1,,00109,,008 1000111. ommam

81007. 190. 110.11.111,1,1001ω11.11.11

1, 0 0 01000111Τ, 11, 097
0111108911. 190 01111111,1,111.1.,110.8.11,9.
· 01111119Τ. 1, 080 88 .
01100011111119111111 0110000181, T. 90
cummim 000 1111118,111,.9190
CTtrTTv.TTT.T.Tv....T.TaeTTT 01110111Τ.1,,.190818,9110,119.
0111101101110 98
0111111171 11, 980. 11 000 01013111...01011111
0111101011, 091, 111,108,8.,11 T. T 0111111118,1,1.111
(1199οΤ..1 T& 11,7771,071,000,011111Τ.11,000

111909 “ 010111111Τ,111,900
011101Τ111009 811887 clonTTmTToe
01110οΤ. 11, 799, 111, 017 01019οΤ3· 111, 990. 8111
011101Τ 11870 81070, 1,.971. 0100101111809

1.·..101 011111111Τ. 11, 08
011111 Α.’ 11, 900 0111111112 1111108
0111111119,1,..008011,098 mmmmm
0110111111, 910 ciuus. 1, 1. 108

“ 011111 Ti, 908 011111οΤ,“ 11, 907

01111111·9“,”11,919.111,000, 111010 01011Τ,11,709
0111111Τ, 1, 101. 811, 8, 908 ,1, 01111111Τ, 1, 891
91. 999. Α 11909 0110111181, T. 199
01111Τ.· 11, 010 0110011110111111.11110011.
61119111.1,111.8111,1.111.111,..11,101.111.11,ιο1.811’1.1,110.
997 11, 001, 111, 900

 

