1110 11111

rm. ii. 111. 111. 1.,411. v, 11. 1111181101118. ..m
188. 088. 11887. 1111800. 1118, 10111117.111,111.8.11,1.111
..111 xi. 411. 411. 111, 4ο. 111 1411811111
5⁵. 1, 1. 11. iia. 144. 111. 11. 11. 1111117. i, 1117. 11481. v, 111. 11118.
1188411104 1117,100.8ἰ,2.10..4.1,888
11111111. 11, 480. 888. 170. 11808. 1118111811
11447 1111811118ὅο 11880. 11, 71. A. 1,
1111111111. 111, 888. x, 884. 8.1,8.801. 40
A. 1, 88 11111111 Τ. 11, 818. 1111188. ’11,008.
111111. 111, 188 A. 1, 147. 11, 88
Faciem Τ. i, 487 111111. 11, 84. 88. 880. 1111111. 11,
heieu Τ. 1, 887. 111118. 1111181. 11, 488. Sa. 1.88
748. 1888. xi, 884, m. S. iv, 8. 111111.1.8808.117.188. 1.8.188.
80. A. 1804. 1170 Δ. 1, 800
Facilem T. iii, 7. 1, 844. 11, 878. xii, 1111111.1,118.8.1118.180
787. 811111 111101. 1, 88810. 11, 888. 111, 117.
11111117. 1, 478. 007. 11, 787. 111440. 118. 788. 1. 804. 111080. S. 1, 8.
1111871. x, 874. 1178108. xii, 10018801
884. 8. 10. 87. 11, 8. 7. iii, 1. 14. 1111841.11,801
11. 8. 88. A. 11848 11111111 Τ. 111, 181. 11, 814
111111 8. iii, 8. 84. 188. A. ii, 888 1111111 T. 111, 887. x, 847. 8. 1. 8. 188
1111111 Τ.1,44. 1111817. 11880. 11, 111111 Τ. ἰ, 888. 088. 088. 1148· 1⁰0·
718. 111807. S. 1, 180. 118. 70. 888. 840. 081. 080. iii, 10. 008. 878.
ii. 1. 11 114. 411. 411. 1111111141114.
118111111’1“.1888.11888.888. 111871. 8408011718. v, 81411474. 480.
v, 408. 111418. 11888880. Μ, 088. 118. 71. 880. 808. 800. 888.
400 1111188878. 118108787. 1818.
111118. 1,8. 170 0800418888. xii, 100. 108. 881.
11111 Τ. 11, 840. ix. 881. 1, 888 487. S. 1. 8. n. 11. 0. 84. 11, 4. 44.
180111188888. 111480. 008. 1111 110. 84. v,l. 100. vd. 170. 1, 8.
887. 1888. 881. 440. 1110. xii, 88. 4111111111. A. 1188
108. 404. 8. i, 8. 97. 811, 11111, 1111111 T. 188. 11170. 111018. 11081.
4. 08. 1, 8. 10. 01. 147 · 888. A. ii, 1, 080. 11, 818. 8.1,4.14. 118140.
111411 ii. 1111. 11111. 1111111.
1118111147 ¹ 08. 1,8.ιο0.1.8.100.1.11,118

. 1814111111. ..11, 411 run... ’11, 111. 11, 111. vum 12,

111117. 1880. 11408 810. 8. v, 8. 214. 880· A· 1. 894.
1111111111. 111. 880 408
1111111111 1111111111718.11188810111101.
1111111111. 11141. iv. 818. 111, 704. ι, 888. xii, 180. 111111
111. xii, 11. s, 1, 414. ii, 1111. 11111· Τ. i. 111. 141. 11111. v. 111.
888 11, 407. 111874. x, 44. 888. 111111.
Facunda 8.11,4.1 A. ii, 88. 88. 188
1111111111 8. i, 8. l. ii, l. 114. 111, 1. 08 1111111118. 1. 193
· 181111111411. 11, 11. 111111. 0811881111
11, 4. 48. v, 8. 80 “ famula Τ. 11848
1111111111111111891ὁ 8. 8. 1181 11111111 T. 1111048. ι. 818. 8. iii, 4.
n ,11, 77
1 111111. vii, 718. 1, 844 1111111111 Τ. 1. 488. 087. xi, 888
1111111 Α. 11. 410 1111111111. 11, 478
1411111. iii, 888 1111111101 S. 111, 8. 88
1111118. 1, 8. 08 11111111118.111.8.47
Falernis S. 11, M 1111111118.111,1.40
1111111 T. ix. 478 1111114811. vi, 878
rnna. Τ. 1, 848. 11888. 8. 1, 1. 18 1111111111. x, 180
1.11.ηιετ.1.411..11,11ο 1111111111 A. 1107
1111141181. 11, 888 1111111111111.11,810
1111110811 Τ. vi, 180. 1, 20⁰ 1111111111. 1114. 8. 11, 8. 88. A. 11,
Funere T. 11, 808. A. ἱ, 488 884 ’

 

