111 11111011. ccxxxix

1111010101 Τ. 1100 “ 1111011101 Τ. 11, 101. 11, 410
11001111. 1010. 11011. 11110111. virentum T. 11, 800
1400008. 011010. 1111110. 1011011100001040. 111808. 11
111,0.100.11,1.00.1,1.01 100. 0000001811. v, 44. 084. 11,
mmmmm 10101100011141100010. 111,
110001. 11, 008 000. 0110. 1111. 40. 010. 400. 000. 11,
1100111.11,044 400. 411. 840. 000. 1400. 0180.
Vincetur 8. 11, 4. w. 1, 0. 00 00. 140. 111000. 8. 1. 4. 00. 40. iv,
10011. vi, 010101. 01111. 0111. 1. 11. ..1.11. 10111. 11111.
80.1,0.1.Δ.1,10.480 v, 0. 41. Α. 1, 100. 466. ii, 108. 000
11011118.111.1.111.11.101 virescere Τ. 11004
1101111. 11010. 01001 viret S. 11, 0. 01
Vincit T. viii, 01. x, 418. 81100. i, 111111 8. 11, 1. 10
01001101. 111010. 111 0. 01. 11111 Τ. 1111. 11. 400. 0. i, 0. 40. ii,
10. 00000 1. 100. 11. 101
vhdmm'l'ffungy Tu Vim· Τ· ΕΙ ⁷⁰¹ 801111 'tuln T, ⁴· 18
Vincitur T. 01 000. 01110. A. 1, 11φο Τ. 1000
. 008. 11, 044 · 1113110010.11.4.10
110111 Τ. 11, 004. 1 110. 401. 011. 111 1111111. vii, 000
01011040800010010 1111111. vii. 100
1101111 Τ. 11, 881 virgine T. 11, 080. 01010. 011, 1. 10
1101101. 11000 1111101101081Λ140100
1101118. 11. 1. 00 virgine· A. 1001. ii, 000
Vinctum 8. 10. w 1111101110 11, 000. 111100
vincul. T. i, 100. 001. iv, 040. 000. 111110οΤ. xii, 000. 004. Λ. ii, 01
11111. 01111. ..11 11. 0111. 1111101111.1.110 11111
01.10.01.1.00.110.οι1.11 virgineo s. ii, 0. 11. 111. 111. Ast,
1111101101 110. 11414 004. 11000
11011011οἰ10. 101 1111101010.1,008.000.11100

· 11110111, 180. imm, Β. 10001 Virginibus T. 11, 000. 11, 401. 1, 118.

1101111118. 1, 1. 040 401. 11. 11. 11
1100110811,0.4 Virgini· T.i‚⁶98. 111011. 1111000.
11001011011011. 01000 1, 004. 01100000. 01101111.
mamni„ 100. 011. 1. 111. 1110. 8.ῑν.1.11.1.1,110.010.11,11
0011141 1031011111. 1, 00 11. 000. A. 1000
110011. 11, 000. 11000 11111οἰ11101. 11, 004. 11000. 8. 1, 1. 40
1101111111 Δ. 1011 1111011101 Τ. ii, 000
11011011οΤ. 1, 008 Virgo Τ. 1000. 11084. 1111001111.
1101100110 01000 014. iv² 408. 1010. 111040 010.
violare T. i, 100 101. 101010. 0100000101. x,
1101111 T. ix, 110 110. 001. xi, 100. 080. 000. 010. xii,
¹ 1101110 111100 0811410. 8.Ι,1.111. ist· 110140.
110111111.111100 1, 0. 00. 1111. 80. 11, 0. 00. 1 1.
1010011100 101. ..1 1111011110. 11,
violati· Τ. 1111, 00. ix, 010 000. 000041. 11, 010
1101101101 Τ. 11 110. 11101. 1, 000 virgula T. 1111. 11400
1101101101Τ.11100 1111 T. 11, 108. 080. 000. 11100110.
11011181, 000 048. 000. 010. 018. 1111. 1800.
1111111111, 014 11001. 111410. 1111400. 1101.
1100000111. .1,1. 01010 11. 101. 111101. 1111. 1110.
1111 111414. 011000 091011100010. 810100. 111,
Vite tT. 1000 1.00.1,1.100.Α.1,0
1111110018.11,4.00 viribus T. 1, 100. 410. 11, 041. 11400.
111101 T. 111, 400. iv, 811. 1, 000 114. 1111 081. 11000104. 01001
111101 Τ. 11, οο. s, 1, 1. 119 1110101111. 1, 000 ·
1101οο1. 11011. 111011 wama. s. 1., o. 11
01110101. 1, 018 viridem Τ. ix, 004. 0110
virenti T. i, 110 1111011 T. 11, 04. 1000. 11, 100. 114.

 

