11 11111611. cxli

816161111 Τ. 111, 476 616616116112 11, 688
6761111168, 11, 78 6766161161Τ. 111, 68
1861] 611116. 111,8. 86 6161111116166,1,8.66.1,8. 187
MvorditT. 111, 746. 6,·1, 8. 88 Μ61111116111Τ,111,466
6166611811, 84 616111111νί6. 1, 6. 88
6166111161Τ11, 168 Mummium· 111, 664. 1, 866. ιι, 666
1176111611Τ.1, 188. A. 11,868 81, 6. 88111, 6. 66
Monens T. 11,817 6166111611618. 1, 8. 64
6166661616 Τ. 11, 664, 11, 448 1666111181, 487 668. 11,887. 1, 676
6166166661 Τ. 1111, 866 11, 466
6161166111 Ἰ· ,8 6666661618, 468
8161166Τ.11,4·68.·111,667. 11, 618 Μ61111111116Τ. ι, 766
1761161118.·“ ιι, 68 616611111611116181, 868
Μ66111Τ.111, 687 6161111111Τ.1466.·11,186.11,167. 11,
Manem* 11, 446. 1111, 86. 1,7.68 6.,1 684,Ι 1111, 66. 11, 17. 866, 111, 886.
1188 Δ.·1,668 ’ 488. 676. 6.1,8. 66, 111,8. 86. 8.1,
1161668111161 668
Μ66111Τ.11,868 116116611816611. 11,818. ι1,466.
Μ6111111Τ.11,666. 6.1,8.188, A. 1, 111,111
886 Μ6611161661Τ.111,884
676111161Τ.111,866 6166111611Τ. 111, 666
6161116118,Ι 11, 7. 86. 1,8. 61. 1,8. Μ61111661Τ.· ι, 866. 667. 11, 678
147 ΜοιιιιιιΤ.· 11, 176. 111, 488. 11, 447
676111111Τὶ· 111784. 11, 84 11611618111166
Μ661161,1,666.11,864.1,667 ΜοιιιιιοΤᾙ 11, 146
Μ61111116.· 111, 8. 861 67611168.11,781.111,186.66811,466.
Μ6111111Τ.·ι,468.111,664.766.1,.646 886. 1111, 646. 6.11,8. 66. 111, 8. 46.
111, 18. 467. 664. 1, 188. 668. 666, 111, 8. 66. 1, 8. 166, 166. 8. ι, 468.
786. 11, 146. 6.11,88118. 8· ι, 88. 11688
86611, 446 6161116111Τ,Ι ι, 881. 11, 468. 1, 886. 1,
676111Τ,111,.466666. 1,.164 11,686. 67. 6.11..86 118. 66. 111,1..81
6.1186411116611887 111,..,,8166188117.8.1 ,1616468
6161111161, 616. 6485111,1119.11.996. 11411
668.686.111,468.11,168.ι,.866 Μ66111Τ. 1,16. 11,.867 1, 486..766
11, 146. 486. 111, 664. 6. 111, 1. 46. 111, 687. 11, 488. 748 111, 664. 668.
188868868.11,816 611641818881616616,
6166616161Τ.1111,786.111,466 4. 47. 11,8.66. 11,886. 11,7. 14.
Monstrum. 1, 8. 887 8. Ι, 161. 487. ιι, 116
676611116118.1,6.6 616611Τ.·· ιι, 678. 6.11, 8. 16. 111, 1. 68
666611116116.11,6.166.11,6.66· Μ6611116ιΤ.1,.146866. 11,467.11,
· 67661111661116.1,8.188 166. 1, 64. 111, 446. 466. 466. 1111,
616111111111Τ.Ι 111, 187.’ 11, 816. 666. 11, 467. 11, 488. 11161. 6.11, 8. 7. 86.
466.111,848.11,.466.1,4.166 1,6.86
67661111611Τᾙ11,666.ιιι,618. 8111, 1161111611111166861.111111. 1,
8. 86 481.641.11,66.111,744.11,676.
676611116111161Τ. ι,786 · 1,884, ιι, 816 6.·1, 7. 66. 11, 8. 46,
676616161118. 1,]16. 11, 846 111, 1. 18. 111. 111, 6. 78. A.' ιι,486
6766111116Τ. 111, 68. 818. 6.11,1. 186. Μ61111113118Ω ι, 466
-.81, 118 montivago T.‘ ι, 681.
66661111116Τ,11,188 Μ611611166. 111, 8. 166
6761111111ιί6. 1,8, 161 , ΜοιιιιιιιιιιιιΤ. 1, 468
6161111111131871. 11,616,11,161.668. ΜοριίΤ. 1,417. 11, 186
11, 84411, 417. 786. 1,.884 681. 6. ΜομυιΤ,’“ 111, 681. 1111, 161
111,8,114.11,8,,8 11,6.116.11,4. 61611Τ,1,148.816.688.11,867.618.

6611868818616781168 646.111,868.1,.11666,.816667.
Μ611111118,“ιι,4 1111,877.11,884.111,666. 6.111,1.

Μ661111111Τ.1,8·6.667 117. 111, 4. 47. 1,8.,8 A. ι, 87, 668.
6166161168.1,8. 888 81167 .
Μοιιιῑηιιιιιι Τ. 11, 646 , 6161111616 Τ 111, 781

 

