1 11111οΧ

0111010171,οΜ eumnsx 1, 2. 12
0111111118.11,0.22 01111011Τ.11, 211 811. 111, 88. 1,
(11ρὶ111018. ii. 2. 100 07011100, 8,11,717.08

Cup piis. 1,0.80 (ἶιιιιιιΤ. 111, 200. 100, 11, 220 1,000,

CupisT. 1111, 080. 0,’ ι, 2,.108 1,,1 11, 2801117100. 111. 70712720.
100. A.1i. 111 1111, 000, 11, 011. 1,.212 020. 011,

Cup 11Τ.1, 21. 000 11, 100. 000, 028, 11, 111. 111, 007, 020, 080. 011, 717,
18811μο1111,122.111,,.007727 8Η1111ω1001ω11000. ,72211
1111100. 170. 002. 11.802. ι,100, curmm'r.1ii. 111, 127, 11,220.11,
11, 000, 002, 717. 8.” ι, 2. 10. 1, 020, 111, 770. 11,170, ι,1.70 111,
0. 70, 1,0.01, 11,1, 102. iimo. 228. 228
111,1,100,11,1.10.1,1.100,Α.11, 0111111001, 110. 1, 001. 1,2,101.

(11ρί1117. 11, 010. 8.” ι1,1, 10 Curru· T. 11, 88. 111, 222, 881. 11, 000.

00111011οΤ, vi. 01. 8, 1, 1, 100 11, 20. 011. 200. 007. 008. 111, 08.

¹Cup ιοιιιιιιιΤ. 111, 070 888. 000. 010. 700. 820. 1111, 00.

0011101101ΤΛ1, 177,100.11,22,801.1,128.171.011.000.100.11,201.121.
071. 8.1,.000 000. 1,,711 11,111.027.111,20,

01117.ι,110,117.111.ι1101110. 021,012.701.8.ιι7,00.ιιο
888. 888. 111,101.11,122.007.000. 102. A. ι, 88. 110
1,72, 70. 170. 270101, 100. 012. (1111118612172
002.11,117.207,111,002.081,1·111,0010111118.”111,0.110
001-708. 11, 100018 1,001.111,011111181117.11,1.0,00,11,1,
007810101101211270 77..,812.107
111,0,108.111,1.00.111,0,2,01.11,011111181182
2.10.11,..120 1,...17080 1,,2 (11111011Τ1ιο01000,1ι,200
01. 1, 021. 217, 201. A. 1, 218. 0001111111. 1,.107110. 818. 11,
010, 11, 01 228, 000, 000, 888. 828, 111, 081. 11,

(1111121010.1110100070010.1001110170080800.11,100.
000721 ι10018201111,007, 81120 110221180000.
11,880..,..11,,1288ἰ220.1,100. 011220
110.11,1.71,111..1110,11,,080 0100011111111. 111780. 81,
1,2,71.1.1,001 1,17 11,1, 00

Cuma T. 1111, 021. ix. 181. 111, 107 0111111 T. 111000, 020, 11, 010. 11, 018.

corant Τ. 11, 88. 11, 278 S. 111, 8. 101. 111, 1, 0. iv. 8. 02. 100.

curarum T. iii. 020, 11,00. 11.070, 111, 1, 2, 110, 1, 0, 207. A. 1, 282
170. 087. 8. 11,2,110 111,0,101.011117,11,081, 11, 000. 811, 0. 0,
11,1,10,1,,2,,.07Δί011 iii,1.m'

01111011, 100, 888. 000. 111, 110. 0010101111
110,110.ιι,101.ι,11..11,117.0, 0011011140
1,1.11,11,107.100,111,1,00.11, 0111111118.11,0.00
0.1,1.1..811012,127,1,0. 0111117.11,000.,ιι,2718.11,2.11
81. A. 1, 180, 021 0111111111 10

(111111211000, 1ιι 107 071 0.1,1, 81111118.11,0.0,1,1.1
001. ιὶ, 102 (11111017, 11, 107

cum-³21. ι, 000 1311111000, 020 011. 127

Cutem ’0.17, 781. 111, 170 CurvatunT. 11, 818

0100101111 curvis, 111, 1. 100

(1111188011, 11,1,10. 1,2.27 curvor: ι, 121. 1, 207

01111οψ0011 Gummi, 217. 8.11,.280

0111011001, 0. 00 0111111071 222, 11,171. 008. 111102,

cnm. ι,111.111.111.11,1.111, 11,177, 1,000.111,1071010711.
100.1111,200.1,100.ι1,111.111, ιιιι,111.111.101.111.011,111.ιι,
121.011,8.111,0.00,111;1.71.11, 88108100202. 1,212, 012722,
1..2811,0..20,11,.0101,,,177 8,1,2.,7οΑ.11,100

1, 0 10111141 CuspidluT. 111, 702
cums' 11 ,1.1 GuspuT.m, 011. 1ι11,000, 080, 11,

0101110111οι 281, 818. 888. 007.07011.012,111,
currentis: tii. 2. 87 111

 

