11 11111119.

011110181414, 8,1,99
01191181118199. 11,.8187 91
09110811, 989. 11,9. 8,11, 4.9
0911998111999
01111111 T. 11, 498. 11. 898, 1111, 899.
111747. 8,,,.1189 111, 1. 97
0119919811, 914. 11479, 111, 991. 1111,
994.1,8.7981,..44811,.8184
01111111οΤ,19,99
01191118. 1, 9. 91
0111918,11,8.14
Cemoeavstofl
0191111811,9,99.117,89.1118.148

0111119 8, 1, 9, 181. 11, 1. 189. 199. 11,

“ 0111199198 11898

01111111 A. 1, 111. 198

0919111118 91, 999. A. 1, 899

Centauro· Τ, 1, 498, 11994. 11, 999,
8,1,8989

0111111919 8111, 999, 11, 999. A. 1,
199479

Cenum Τ. 111, 997. 797

0911911198 1, 994

· 01111118 19,989. 819, 4. 48

0919111118 9, 9988 9,1. 199

0111919198 91, 919

0119111981, 199, 998. 99 799. 9, 91.
91999. 1899. 911111, 81894,
11,7.19.17.19,9.18. 19,9, 19 9,
1,99. 8,1,819

αμκτο 191⁰· 89811, 8988

01111119998111949

0119119918 911, 949

01111111811. 11

0119199918,1,9.199.1,9,889

0111118, 19, 9. 89

091181819811888, 111,9..991
Λ.1, 999

911911.ι,,1191.,.,1119111,,,119
9, 1.1

01911111Τ.1,199.9111,794.11,174

(3me. 91, 99

cemanni: 99

1011111118 1, 987

&TmTo'ffitw

0999119181, 1,949

0119111118,9,9.99

9119191191.11,11.11,411,1ῑῑὶ,11. 8.
118184. 9, 8. 99

09911198· 191, 977

0111911181, 8.·899

09111118 111, 997

01119118 9, 979. viii, 791

0191111111111911119

0111918. 19, 9. 49

ceresam· 1, 994

xm

01111Τη11991919718,199,94.
11, 999. 1,1. 999, A. 11, 987

01191118 111, 989

0111198911, 989.811,..998 111,.97

09119991181111,999 ’

09911111181118189

011111181999, 81999. 9,9, 17

0111191118 9, 194.· 11, 719

09911991191111911.11191.111,
9988188111,1.,19111μ9194.
11.1,18

9114191739, 919

0919911811991. 811111

0111118 11781

mmmm T· 17, mla V, ⁸⁰⁸· ⁴⁸⁴

0119981189.111,998.11,997.19,

997. 119 991898999449 81, .

ἕῧέθ.11,9.99. 1,9,148181

01111181, 989. 11,984.11,999.111,
999, 81, 4. 9. 811, 99 ⁸

99111997,1,111,1,,1 9. 11

09111111Τ,11999,11,771,1,999

0111119198 91, 979

0111118·111,998.11,987.11,998.911,
977. 8111,.1 194.11,9.19.11,9,
118. 9, 9. 88

0191911918 11, 999

01119811, 448. 111, 948. 19,911, 1,
949, 91, 899. 9181111997 999. 1,
111.111.19,11,,1111,1ῑ,119,
11, 9, 49. 1,9. 189

(1111111911191119199

09111811818199

Certamen Τ. 111, 117. 111, 94, 999. 8. 9,

0111191111 T. 11, 189, 11, 189, 999. 91,
,0098089888 811099 som, 1· 009
1, 8. 184. A. 11, 887

0111111111 Τ, 1, 998. 9111, 919. 11, 4,
19 *,8. 199

(199111111811111. 8111, 8194

0911111811944. 11,89.1,171. 1111,
999. ,1.11, 194

0991919117.11,111.·ι1,119.1.,,.1111
11, 9. 98, 11’, 9. 7

0111111111Τ.91’,.8198.1,,94

091191181,.99111,947’, 111181

0911119, 1111

cemflmt S· T, 89 Tm

09149181, 989. 111949. A· 1419

0911111198, 1111 199

0111199ῐὶ18, 1’9, 9. 98

centvm. 11, 9

09111911811,’994. 81818, 9,,999

01111998 111, 941

011118 911, 499. 9111449

0119111811,194.499.8,1,4,91.11,8,11 Certior T. 11, 999

 

