ΙΝ sumum. cix

1111111111.11,914 868.111969.1111,461.166.11,119.
1161111111, 199 696. 1, 886. xii, 961. 8. 1, 1. 11. iii,
1111111118. 1911 6. 66. 11, 6. 46. Δ. i, 666. 11984 .
Ι11111111116.11,181 1131111131, 46. 611. 111691. 698. 11,
1111114111 Τ. 11, 411. v, 666. 11, 446. 41. 146. v, 61. 89. 444. 668. vi, 999.
11991 111166. 1111966. 11, 916. 494. 1,
1111161119. 1111, 686 916. 896. 866. 819. 111666. ni, 1.
11111101Τ.11,186 91. 11, 6. 66. 1111111. 11 9. 96.
infringe Α. 1, 144 11, 6. 96. 11866. Α. 11, 696. 494
1141113111 Τ. 11, 666 11311111 11 166. 166. 11919. 11, 16.
1111113111 T. 11691 111, 611. 11, 668. 1866. 8. 1, 6. 61.
1111113111. i. 616 v, 9. 119. Adi, 194
Ι111111111Τ.11,698 Ingentibus Τ. 11, 891. 1684. 811.
1111111 Τ. 11, 99. 111661. 11618. 11, 169. 19. 46
111. 111111. 11,111. 111111 · 11111111111111. 11111. ..nutu ’
11111118. 116. 116 Ingenui S. 11, 1.44
1611111111.1,661 1131111111 116
1111116111 8.14.16 1131118111 1. 169
1111111. 1, 111 1131111. 11111. 11111111. s. 11,
11111111 T. 1466
111111 Τ. 111, 619 . , .
11111111 Α. 1, 948 11311111 T. 11, 814
11111111 Τ. 11, 811 11311611. 1866
Ι13111111.11,196 Ingentum Τ. 11186
113111111811, 6. 66 1131111111 T. 1, 661
Ingenium Τ. v, 648. 111686 1131111111. 11664. 11, 169. 8. 16. 166
Ingeminant T. 1, 419. vii, 466 1131111111 Τ. iii, 649. 1189. 8. 114. 66.
1131111111 Τ. 11, 466. 1694. 11, 666 tii, 1.9
Ῑη31111181116.161 Ingrata T. 11, 961. u, 664
Ingemit T. 111, 66. 11666. 198. xi, 1131111 81116186
141. xii, 114. Δ. 1, 968 11131161 Τ. 1166. 1, 616
Ingemuere Τ. 11891. 11, 9. 8. 11191 1131111111. 11116. 8111, 6. 66
11311111111Τ.11618 Ῑ13111118. 111. 68. 111, 6.169
Ingemuit T. 11, 441. 111, 196. 899. x, 113111111. 1469
961. 11, tte Ingrediens S. v, 9. 69
Iugeuernt T. 11, 966 Ingreditur T. 111616 .
Ingenii 8. iii, 9. 64. iv, 4. 99. 16166 Ῑ13111111.111,96. 8. 114. 9
Ingenio T. ii. 489. 11119. 8. 1, 6. 66. 11311111 Τ. 111, 966
11,111. 11,1,111 11111111. 11, uun
1131111111 S. 11, 6. 69 Ῑει31111.111,666. 11166
Ingenium T. 1916. 11116. 111166. 11311111. 11, 966. 11698166. 11,
3171, κτλ 6181. t 31ὲ811.1.11. 1111. 1 111. ST 1133183171
111131 nume..
lugent T. 1, 16. 464. 616. 1149. 99. 1111111111. 1111, 686
961. nno. 11199. 669. 111, 19. 496. 111111111Τ.11,688
mato. 176. 11194166. vi, 19. 111111111111118
946. 669. 486. 914. 944. vii, 496. 11111111 Τ. 1696
818. 111161. 986. 411. 684. 669. 11, 1111111111 Τ. x, 8. 8. 1,9.16
1111111111111. 11111111. inhonoret. 111111
111. 111, 1111111111. s. 11,11. 1111111111111111.111111.11111
14.11.1111.199. tii, 6. 44. 11, 9. 1111011111Τ. 1, 669. 11, 698. vii, 689.
18. 11, 6. 68. 111. 6. 1,1.1.116. 11949
Α. i, 161. 196. 916. 666. 464. nii, 1111101ρί111 Τ.1,116. 11166
unu 111111111111. 11,111. 111111
1131111111. 11189. 1949. 11969. 1111111111 T. 11999
viii. 111. 11661199. 8. 14. 66. iii, 1111 T. 111ἷί. 191
111. 11111111 11111111111189
1111111111·’111661· 1111111.19·19 ‘³'
1 3 ι n 11, . . . . 1, .

 

