11 11111111. 1015}

(1111111111 ix. 466 omma. 616666
(1111111. iii, 111. ix. 111. 1111 (1111111111111 mastos. 1.,
Gradivus T. 111, 661. 11, 66. 666. 1, 1.6 . ,
111.ν11,111.111.ι1111111.1ι,1 6111611111, 11 1111111. 11111.
47. Δ. 1, 466 61664. 11117
61166111414. 11686. iii, 117. 666. 0111111111 Τ. 1416
664. 1, 666. vi, 6. 666. 111677. 111, (1111111161Τ.111, 176
-686, 61166. 11, 6. 66. 111111. 611161 611466. 111674
v, l. 76. 1,6.16. Α. 1, 666. 11, 666. 61111111 Τ. 111, 674
666. 666· 466. 464 (1111111111 Τ. 11, 166
endum 1. ii, 1. 111. 111. 111. 111. emm. 161111
1111111111111. ix, 111. ι, 11. 61111.1111.1ι,111.ι1111.111,
666. 111,6.161.111.1.11,167.116 616. 1, m
1111111. 11, 111. 111. 11, 11. 111. iv, cm 1111. 11111
1111111111. 111111 11111. Gutum. 111
11111. 1. i, 1. 11. 11111111. 1111111.11,1.11.111.1ι,1.11.
11. 111111. ι, 1. 111. 11111 1111. 11111. 1111. 111111
61111111Τ. 111, 666 . 611111 T. 11, 466. 1,666. 11666. vii,
(111111161466. 11166 766. 1111, 666. 11, 467. 866. 616.
0116161ιὶ66, 3⁸9· s· 66, ’1 961 666, 61061 1⁹· 66161 ¹⁰· 66. 66161661 616166.
11111. 1. i, 11. 1111 111, 1. 111. 111111. 11. 11. ι, 1.
ῦιιῑιιε.11,1.11.11,111 6616646
616661118Ᾱ, ⁸· 6661 A· 66, 68 6616606 Τ· ἰ66946· Δο66 ¹⁶2 667 ”¹
(1111118. 111, l. 166. 1116. 46 Gratissima T. 11616. 61111. 67. 111,
611117. 1111, 667. x. 466 6.1
Graii· Τ. 1, 146. v, 117. 666. 11, 666. 61111111 6. 1114. 66
1,76. 166. 111666. 6. 11, 6. 86. 111, Grato T. 1, 666
1111111111 6111111111 ’
61111Τ. 11, 616. 6. 11, 7. 64 (intuitum 6. 1, 6. 16
(1111111111111111111. 11111. 1111111111111. xii. 111 1. 111.
- 666. 611. 64. Mi, 116 164. ii. 7. 66
(111111 T. 111666. 11186. 666. 1111, (1161161678. 1111176. 11, 617
666676 ormnem Τ. 111167
(1111111111 T. 11616 Gumis Τ. 1111, 617
(1111131111 Δ. 166 , (111111Τ. 111111. 1666. 1116. 6.
611111111Τ.1,676.116. 111668. 1111, 11. 68
466. 11, 166. 1, 866. 11166. 616. 6111111 T. 11, 677
. 684. Δ. 1, 441 1111111116.11,6.66
(111111Τ. 1, 614. 611, l. 116. Δ. 11, 61 61111116. 111, 166
,6111111 Τ. 111, 414. 1166. 111119. 1, 61111111. ii. 614
. 616 . (1111111111 Δ. i, 166
6111111116 11666. iv. 667. 466. 866. unvanus 611141
1, 667. 616. 11616. 1, 66. 666. 111, (111111111Τ. 111766. 1, 664
664. Α.11,461.446 (11111Τ.1,616. 111766. 11, 616. 11,
6111111161166611787.6111661 166667. 111716· 166. 16. “⁸-
11, 1. 111. ii, 111. 111. ee. “ι, 61111111. 11111
&M (1111111 Τ. ix, 466. 11676. 111666. 6.
611111111111 11, 7. 66. inme. 114. 66.,6. 11,
6111111117.11,111.1ι,111 46
Gramineis Τ. 11, 67 611111Τ.1,11.646.11,164.1,416.666.
(1111111011111666 1,6Ι6. 11666. 6. ii. 7. 66. 1114.
61111111611Τ.’11,416 68. 11, 6. 66. 11, 6. 66. Δ. i. 667.
(1111111111 6. 11, 1. 166 . 417
Gflssdfflum A. i, ⁵⁰ (61666Τι i'‚”¹0 v, ¹⁸⁸0 subs· ¹0 AO
nme Τ. 666, 6661 ,61691 6616001266· i, ω· ⁰¹2 , .
111111111111. 1111111111. 6111111. 1111. 11844 .
. 11111. 11111111. 11661116 6111111116. v, ¹· 61 ,
ematur. 1116 . . 6111161111. 1666. 1111614 ,,,

 

