11111 11111

11..1,.ι111,1.11 “ 11111111.1.,1111.1.1.11
Navia T. i, 111. 8111111. iim. Nega s. ii, 1111 ..
85. 1, l. 881 Negat T. 11. 888. 887. 888. 111, 888.
11111111 Τ. 1, 888. 111, 88. 1111, m 11,787.1111,888.11,878.888
11111111 Τ. 111, 888. 11, 788. 11, 118. 8. Regum T. 11, 788. v, 411- 'A 22⁸·
iii. 1. 11. 111111 111711
1111111111 Τ. 11, 888 1111111111, 888. 8. 111,1. 188
Nautium. 111. 11111111. xii, 111. 1111111111. v. ⁸2²
S. iii, ι. 1. 1111. 111. 1111. 11, Νεμήτ. 111111. 111
111 1111111111
1111111111111 1111111111. 10
111111 Τ. 111, 888. A. 11, 8 Ν111111118.11,8. 88
1111111 Τ. 111, 188 1111111111, 878. 11, 188. 1, 888. 111,
111111181811, 88 878. 1111, 888. 8. 11, 8. 87
11111111. 1. 8. 888. A. 1, 888 1113111 Τ. 111, 81. 111, 888. 8. 11, 8. 11
1118118111’.11,888. Δ.11,88 Negatam T. 111, 71
11111111. 11, 888. 1, 188 Neptu T. 11, 888
111111111111Τ. 1, 881 1111111111 T. 111, 888
11181111Τ.11,888 11111111. 111, 871
1111111011 Τ. x, 88 81111111. 11, 187. xii, 888
1111118111. 11, 818 1113111111. i, 888
Nece T. 111, 108 1111111111. 11, 877
1111111 Τ. 111, 88. 11, 788. x, 888 Neget T. 11, 118. 888. 11, 888. 888. 8.
Nem Τ. xi. 111. 111111 i, 1. 111. 111. 1111111111
111111. 11, 77. 1, 888. 111, 788 1111811111 T. 11, 788. 111, 817. 1, 7. 8.
111111Τ.111, 188. vii, 888. 11, 188 1, 8. 188
11111111 T. 11, 877 1113111111 A. 1, 888
1111111111, 8. 18. 81. 11, 8. 88 Neglectinimn T. 111, 188
11111111 8. 11, 8. 88. 111, 8. 118. 11, 8. neglecto T. 1111, 888
88. A. i, 88 1111111111 Τ. 11. 818. 8111, 8. 88
1111111118.111,1.87 . 111111 T. viii, 888 ·
1111111.11,11.Α.ὶ,111 1111111 Τ. 11, 188
111111Τ. 111, 888. A. 1, 18 1111111111. 1, 718. 788
1111111111 T. 11, 887 1111111111. 111, 881. 11, 87. 8. 1, 8. 88
1111111111 Τ. viii, 887 ’ 11111111 T. i, 878
11111111 T. ii, 788 1111111117. 1. 888. 811, 8. 88
11111111 T. 111, 178. 8. 11, 8. 71. A. i, 1111111111 T. 111, 117
888 Nemus T. iv, 188
111111. vum 1111111. 1111. 11111 iv, 111111.
1111111. 11, 111. 11111. S. ii. 1. ιιι 111111. 11,-1111111. 111 111.
1111111.1.1.ι11.111 Ama

111111 T. 1,88 Nemeen T. 11, 888. 888. 11, 88888.
1111111118. 11, 178 888

1111111111 Τ. 1, 888. 1111188. 8. 1, 8. 111111111Τ.11,888. 1, 881. 8111.

w 111, MT. 11, Ml. v, 8. 88
Ν.1.1111.1,111.1.111.11111 111111. 11111. ix, 111 111111.
Neflndssm T· i, 6916171 111, 1²1· il, 111114

888 11111111Τ.11,888. 11, 88. 887. 11,881.
11111111. 11. 881 111888. 8. 1, 1. 17. 11, 8. 88. 88
1111111111 Τ. 11888 1111111111Τ.11,888
ΝΕΤδΏᾶῙΙ T· TAA, ⁶⁹⁰⁰ li, ⁶⁹⁶0 So if, σε uma-s- 1,,186

11. 11, 111 1111111111.ῑι,111
1111111111Τ.11,888 nemci Τ. inm
1111111811 Τ. xii, 88 Nemori· T. 111, 888. 11,88. 788. 1,888.
Nefanda: T. 111, 888. 11, 18. 111, 881. 11, 878. 888

718 1111111111. 11, 78. 1, 188
1111111111. 1, 871. 11, 8811 111111111118.111,1.187
Nesuto T· 11,888. 11181 111888. Nemorum T. 1, 8811. 878. iii, 188. 11,

⁶⁵⁷ 111. 111111111111. 111111.

 

