Ill smum.

1700111111 Τ. 11, 478. 1, 777

1100001011 Τ. 1, 070

1110000101 T. 111, 17. 1, 707. A. ll, 711
1110010111 Τ. 11, 177

1100101101 S. v, 7. 177

1101110711 T. 11, 700

11001 T. 11, 77. 770. 1, 781. A. 1, m
ludi s· 771 le Tm· 711, ⁸1 Μ· iii, ⁴0 ⁶⁸
170118. 11, 7. 177

Ῑ70101 8. 11. 1. 41

1101011 8. 11, 7. 70

Iudicio T. 111, 404

1101111111 Τ. 11, 007

, 1701011 A. 1, 047

Indlgene Τ. 111, 784

Indigenne T. 1, 800

Indigeele T. 111, 010

1101111101788. Τ. 11, 074. 11, 700

lndlgnae T. 11, 007

Indignum T. 111, 84. 11, 741

Indignenle T. ii, 747. 1, 474. 11, 470

170130111011Τ.11,887. 111, 007. 1111,
111. suist. 110. 1. 11, 101

ludignentee T. 1, 177. 11, 770. 1,170

1101171701 T. iii. 700. 1, 770

Indignatur T. 1, 777. 11, 774. 1, 770

Indigneretur T. 1, 78

170131101811, 1. 10

Ilm-Agma Te 1, Tm· TI, 1⁷⁹0 7871 ,11,
718. 11, 000. 1, 770. 111, 077. 8.

1.11,111.11.17.1.11 ’

Indigneli T. 11, 477

· Ῑ101111111Τ.111,140. 11744. 1111, 177.
il, 2¹9· τυ

lndlguetue T. 11, 770. vili, 777

Indigni T. 1111, 770

1701311111111Τ. 11, 704

Indigno T. 1, 717

17011701 A. 11, 781

1101371111 T. 111, 100. 1, 770

11013018. 111, l. 107. 1, 7. 707

11011 8.11, 7. 78. 40

1101111011 T. 111, 107

11011111 T. 1111, 717. 111, 777

1100011011 8. 1, 7. 77. A. 1, 784. 770

Indocilis T. 11, 717

Indole T. ii, 071. 8. 111, 7. 08. 11, 0.

1700111 A. 1, 777. 11, 774

Indoluit T. 111707

Indomita T. 11, 077

1110011111 8. 1, 7. 107

Indomitis T. 11, 100

110011110 T. 11, 714

Ιο00111101Τ.1, 177. ti. 77

1100171101 8. 111,1.177

17001017 8. 1, 1. 01. 717

Indo· Te 'fig 181· ,71112891 s· 171, ²·

01. tv, 1. 01. 1. i, 011
ludunt T. 11, 700

17077017111 T. 11, 04
1100711111 A. 11, 71. 77
11017110 8. 111, 0. 110
1101οΤ. xii, 770

Indum T. 11, 710

11010010 T. 11, 700. A. i, 048
170000101 8. 1, 7. 170

buggu T. 11101. 11111. 11,

Indue T. i, 87. 111, 777

110101111 Τ. 1, 00

110001011 Τ. 11, 101

Ι701101111Τ.1111,707. 8. 1, 4. 17

Induimue Τ. 11, 700

Induit Τ. 11, 707. 1, 777. 11, 781. 8. 11,
7. 177. 11, 7. 07. 1,7. llo. A. 1, 707

Ῑ70111017.11,07. 11, 774. 111, 178

17111118ςο T. 11, 778. 81007. 111, 1.

Indulgent T. 11, 777. 8. 11, 7. 70

Indulgebll 8. i, 7. 180

Indulgent T. 1, 70011, 770 ·.

Indulgent T. 11, 001. 870. 1, 187

Indulgeulem T. 1, 10

110οΙ301111 Τ. 11, 777. 8. 1, 7. 174. 111,
7. 100. 111, 4. 04. 1, 7. 177

Indulgere T. 111, 770. 11, 077

Indulget T. 1, 707

Indulget T. 1, 140. 11, 710. 1111011.
11, 117. 11, 717

17001301οΤ. 1, 070. ix. 717

11001111 Τ. 11, 447. 8. 1, 7. 17. 11, 0. 77

Indum T. 111, 000

17001111 Τ. 11, 07

11001111 8. 111, 0. 70

11011010 Τ. 11, 787

, 1700111 Τ. 111, 700. 8. 1, 7. 07

Inelucublte Τ. 11 , 707

Ineluctnbillt T. v, 47. 11, 700

11017111 8.1,0. 04

11011701 Τ. 11, 740. 000. 111, 00

1111111 A. i, 110

11111111 Τ. 11, 747. 8. 1, 7. 100

11101111 Τ. 11, 707. 1111, 044. 1, m. 8.
1, 7. 08

17011 T. 11, 107. 111, 778. 11,001. 1,
170. 111, 708. 11,84. 1, 80. 11, 487.
§- 1, 0. 11. 1.,111 11100. Δ.

luentes Τ. 11, 170. 11, 084. 1, 174. 700

1101117. 11, 007. 81780. 11,4.70

11707711 'roffi' we IV, me Tu· 'g ,ω

Inertibue T. 111, 784

17011101 A. 1, 070

100111. ili, 111. lv, 11. A, 1, 111, 111

lneviubile T. 11, 740

Ineunt T. 11, 470. 800

 

