xoiv 111111

(1111181118 1111. 11111 m. .1.11.ι1,111.11,1.11 11,
011νωί Τ· iv} ω ⁸0 6¹· iT, ο· “0 m, ιο usn 1,. ‘ou-
611118ω8.111,1. 118 1, 1. 91. 1111141111
(inviduus. 1,8.1 Gurgitibus 8. 11, 4. 49

01111011. 11, 118. vii. 191. 1,111 Gurgitis Τ. 1, 1. 11,181,114.148. 8.
61111011 Τ. 1, 888. 11, 11. 111, 118. 11, 11,1. 191

148. x, 891 Gutus. 1,1.4
011110118.111,1.11 01111 mum. 1,111. 111111. 11,
61111111811Τ.11,188 181
6111111111 Τ. 11, 111 Gyaro Τ. 111 418
omn· 1. 1, 111. 1111111 1., 111. σιω-1811111

11188481. 111818. 1111, 814. 11, GynmdeT. ’11,1ω. 81118. iv, 1.

41. 894. x, 148. 181. 418. 888. 111. 48

11, 198. 811. 111. 118. 888118. 8. ἱ, 6μω18111, 1.44

11111111. 11111111. 11, cymam

111. 18. 11,1. 18. 11,1.1. 11,8. 6111111111. 111818. 11. 81. v, 118.

1.· T, “a ⁸· A· 1, ¹⁷⁸ 'T' m· ix. lu· lym· xit ιιι· ⁵¹⁴0
Gravius 1. ..1, 111. 1.,111 1111111111111. 1,1.114.
6111811111 v, 1. 111. ..1. m Δ. 1, 111. 1,
6113111 A. 1, 111 411
1111μί Τ. 1111, 888 (1111111111, 444. S. ὶ1,1.4
811111. 11, 898. 118. 11, 148. 118. 11,

884. 8. i, l. 11. i, 818. 11, 8. 8. 1,

8181 11.

81111111. 111118. x. 119. 11, 184. xil. ,

111. 148. 811 111811. 11. 118. 1111118. 11414
(111311 Τ. 1, 181. 11, 481. 181. 1198. 1118111111. 11, 111

111, 811. 11, 198. x. 814. 8.1,1. 188. 11111111. 1,.818. 11, 181

11,1.·41. iii, 4. 81. 11,8.11. 1,1. 1118111 Τ. xi, 84

11. 1,1.188. Δ.1,88.484 liminalimina
1111κὶ Τ. 11, 891 nnbdnt. T. i. 191. 441. 111418. vii,
Gragi· Τ. iii. 114. 11, 888. 11, 881 111111. viii, 188. 811,1.11. 11.
ῦπμ11’1.11,448 819
6111111111. i, 881 1111118111. 11, 841. 891. 8. 1,1. 118
Gremio Τ. 181. 111. 11, 198. 118188. 118811. 11, 111. A. 11, 418

1, 118. 881. 814. mss. 8.1,1. 188. 111811111Τ. iii, 18. 181. 11, 119. 1118.

11, 1. 111. 11, 8. 91. iii, 1. 188. ’11,1. 119418. viii. 411. 841. ianam.

⁴1· A· 1, ⁶⁴¹ m· m ¹³²¹& ὅτ* 111, ⁸⁸⁴· ω
8111111111 Τ. i, 184. 811, 9. 44. 1, 8. xii, 181. 8. 1, 1. 8481. 1, 4.91. iii.

88 8. n. im. 119. v. 1. 17
8111118111.11,111. 1, 418. 1,118.11, 1111111111. 118. 11. 188. 11118. 411.

819. A. ἰ,88 · 441. 811. vii, 188. 188. vili, 889.
(11111111.11,118. 11, 189. 818. x. 848. 884. 11, 818. A. 1118

871. 8. i, 1. 188. 11,1.188. 1, 8. 99 1118111111, 488. 111818Ἃ8.11.171.
81111111 T. iii, 181. x, 111. 198. 818 1,118. 8. 11, 1.118. 111, 1. 81. 1, l.
(11111111 Τ. 1, 481. 481. 11, 488. 491. 844. 11. 888

181. 11, 181. 11, 811. 888. 11, 188. 1111111111. ii, 118

198. xii, 181. 8. 11, 1. 118. 11, 1. 11. Habente· 8. ἰ, 8. 11

11111. ..1.111. 11111. 11, 1111111111..ῑὶ.111·

111. 181 1118101.11,188.1111,41.11,888
Grex S. iii, 1. 111 Habere T. i, 818. 8. ι, 4. 81. iii, 1. 18
Gryphe S. 11, 9. 1. 1. 11 11181111 T. 11, 981
(11118.11,8.8 - 1118111 Τ. xii, 18
0118111111. 8. 1, 8. 81 ' Haben Τ. ἰ. 899. 1, 818. 111, 181. xii,
”611δ.1“ῃ1τ1 {9¹¹⁸ ”vu ⁸8⁴· 81111 ⁴0⁰ '
GurgaT. vii, 111. x, 111. s, 1111 1181118118 11, 11. 111. 11.
811118 ii. 11. iv, 111. 111. 111. 111. 1.,111.111.111111..,111

888· 1.171. 111, 141. 118. 411. 11, 11, 148. 811. 111. vii. 11. viii, 4.

111. 811. 198. 111. 811. 198. 411. 189. ’11, 888. ι,198. 11, 881. 111,

 

