IN 87871011. 08

1881811118. 1, 1. 8 1111811811 Τ. 111, 480. 11, 444
1118111111Τ.180 1111111111 Τ. 1, 807. 11818. 11718. v,
Improba 111111. iv. 111. 818. 111, us. .1,111..11,811.ι,111
111..111,141.1ι,118111.818. 11, 1118811811, 1. 11
884. 480. 000. 111, 800. 800. 441. 8. Immoenum T. 1, 80
1, 8. 7. 11, 0. 11. 11, 8. 07. v, 1. 880. 11111181. 1, 00. 98. 810. 111081. 11, 477.
Δ. 1, ⁵2⁵· ii, ,ω ⁶⁸⁸· 718, m· Vffi, 8⁵· 1⁰⁰· ⁴1⁶· 18)
Improbe Τ. 1111088. 117441117ῧο 190. 888. 111, 849
Improba· T. 1808. 111070. 11, 700. 1111181.1,118.481.11,881.11818.
11044. 004. 089. 098. 111804. 1111, 090. 788. 1, 001. A. 1, 818
094. 11, 704. Sd, 8. 70. 1, 0. 40. 1, 11118811. 11, 418. 000. 1,100. 870. 1,
0. 04. 11, 1. 8. 107. Α. 1, 41. 009 894
Improvisus Τ. 111, 847 111111. 111, 007. 1187. 111180. 11,
Impulerat T. ii. 80. 180. 11, 488 090
1118118111 T. iii, 488 11111111 Τ. 1, 817. 11, 108. 710. 11, 004.
· Impulerit T. 11, 710. 111, 748. 111, 784 1, 088. 111, 108. A. 1, 110. 188
111ρ11111.1,111. 11188. 18. 11, 888. 1111101110. 78
478. 801. 1, 000. 111, 081. 1111, 440. 1111111 T. 1, 097
080. 11, 78. 878. 480. 1,184. 111, 18111111. 1, 018
111. 8111, 1. 111. 1111. 111 111118811111. 811111
1111811111 Τ. 11, 408. 111, 487. 11, 8 11141111Τ. 111, 080
Inpulsu T. 11118. vi, 188 1111118118 Τ. 11, 488
Impulm T. xii, 118 Inspectus T. 1, 80
1111111111 T. 11808 11ηροο11111.1111,841
Impulsibu· T. 1, 400 handu T. 1100
Ῑωρ111118 T. 1, 804 1111111111. 11, 00
1111811111 Τ. 111, 080. 11, 800 1181811111. 1, 471. 111, 717
1111110111ὼί, 800 1118111111 Δ. 1, 81 ’
111ρ111111.11,017. ix} 147 1118111111 Τ. 11, 707
111μ1111Τ.111,808. 1, 081. 11, 180 hoedus S. 1, 8. 08
1881018811, 7. 80 Incedit T. iv, 40
1111111117. 1, 087 Incendere T. iii, 884. 811, 1. 184
1111111118.11,8.10 1118110111. 11, 0. 11, 088. 111180. 8.
1111111Τ.1111070.11,107. 11048. S· 11, 0. 08. 11, 4. 00. 11, 0. 79. v, 8.
111 8. 09 171. 800
1110118118. 1, 1. 44 1118111011Τ. i, 081. 1, 008. 111, 094. 1,
lumem S. 1, 0. 0 870. 8111 l. 04
Inmensum 11818 1881101111 T. 111, 400. 11, 489. 11, 889.
11118111 Τ. 1 010 1, 00. 844
11111181. 11, 110.· 1111, 808 1188111117. 11184
11111111.111,181.1,118 1118111118.11,140.11,880.11,880
111811811111111. 1018 11181818 Τ. 11084
1111111111 1, 884. vii, 10. 108. 140. 1111, Inoeptn 8. 11, 1. 00
m 118811. iii, 11. Α. 1, 111
1111811101 T. 11840. 111, 800. 008. 11, 1118111111Τ.11,408.1,000
0481784. 11 108. 878. 488. 001. Incepto T. 11, 440. Δ. 11, 188
800. 111080. 1111 440. 787. 11, 8. 181110011181. 11140οω
1111111141. vi, 1. viii, 111. 1., 111. 1111111”’1“””Μ”ω’”8”’
0181807 1118811111.1,870.1111,800
1111110111. 111, 107 1118111111ἰί1, 878. 11, 881
11ω1111.111,111.1ν,118.11,11. 111, IncertisT. 111. 070. 1, 807
044. 11 174. 100 11881111111111 Τ. 11, 801
ῙΜΟ1111811.1,809.0611. 71181819 mvi, ⁶⁸⁷· ἶ, ¹⁶⁷· zi! ⁸¹⁰· 817,
111111118Τ.11,140. 1, 011 8. 887
1811111011.11,000 Incertum T. 1, 801. 11, 188. 8. 11, 1.
1111111111, 008 880. 1, 0. 88
1111111111 Τ. 11, 108 1118810111. 1, 808. 111444. v. 818. 084.
1101111111111. 1, 888 “ 11, 888

nam 1... οι... 11111... ιο ,

 

