cxciv

1111111111. 6. 66. 1, 6. 66

1111111 Τ. 111, 668

Reum T. 11, 611

1111111611 Τ. 1, 646

11111116111 Τ. 11, 666

naon-bue Τ. 1, 661

1111111111. 1, 6. 6

1111111611 8. 11, 1. 64

nevae-bitur 6. 11, 1. 68

111111161118. 1, 6. 86

Ram 8. 1,1. 66

1111111111 8. 111, 6. 161

mmmm T. 1111, 164

Ram T. 111, 141. x. 166. A. 1, 666.
11666 ·

1111111111. 168

1111111111. 111, 666. 8. 1, 6. 66

1111111111611, 6. 2⁶

1111111111 Τ. 11, 116

1111111111. iii. 616

1111111111 8. 1, 4. 66. 11, 6.16

111111111Τ. 111, 646

1111111111 T. 11,16

1111111111 T. 111, 114

1111111118. 1. 6. 166

1111111111 T. 1, 466

1111111111 Τ. 1111, 661

1111111111 Τ. ι, 166

1111111111 Τ. 1, 666

Μηω11ω1ηω

1111111111 A. i. 666

1111111666. 461. 446. 666. 666. 11,
466. 111, 16. 11, 66. 461. 666. 1,161.
111, 468. 1111, 616. 616. 11, 16. x, 66.
166. ιί, 666. 466. 6116161164. 111,
1ηηωη11ω1ω

1111111118. 1, 6. 61

Raexit Τ. 11, 166

1161111111 8. 11, 6. 16. 111, 6. 6

111111 A. 1, 666

1111116.1,681.11,164

ωη1ῃ1ω111111
11. 1111111. ..1.111

1111111111. 1, 16. 8. 1, 4. 66

11111111 8. i. 1. 1

11111111 A. 1,44

1111111 Τ. 11, 666

Rhodope T. 1, 166. 11, 166

Rhodopei· T. 1, 161 ’

1161611111. 11, 61. 11, 666. 1111, 466

1111611111. xii, 161. 8. 11, 6. 46. 11,

1111111111, Ι. 164

111111 Τ. 11, 664

niem· T. 11, 86 .

Ridebnm Τ. 11, 61

1111111111 8. 1, 6. 16

11111611 Τ. 1,646 ·

111111Μ11ῃ1

“’ mnu

11111111 Τ. 1111, 616 ·

1111111 Τ. 11, 666. 141. 8. 1. 6. 46. 1, 6.
66. 11, 1. 116. 111, 1. 166161

1111111 Τ. 1111, 661

111311111 Τ. 11, 614

11111111 8. 1, 6. 64

Risu Τ. 1,, m· Xfi, ¹

11131111Τ.111,664 Ι

1111111 Τ. 11, 161. 8. 1,1. 61

Rigas} Τ.1 611. 1111,166

1111111111 T. 11, 66

1111111111 T. i, 661. 111, 664. S. iii, 1.16

11131111 Τ. 11, 616
“ ἰ1111. 11466. 11, 164. aii. 1.61.

1 ἐκ

lugenti· Τ. 1, 646

1111111. 1, 166. 11, 61.· 11, 611. 8111,

11111111 Τ. 11, 186

Rigida 8. 111, 1. 161

Rigidi Τ. 1461. 8. 1, 6. 64. 1, 6. 166

11111611 8. 1, 1. 46. A. i, 666

Rigida A. 11, 686

1111111111 Τ. 11, 168. 8. 1, 6. 16

1111111. 11, 846

11111111 Τ. 1, 668

1111111111. 111, 161

1111111111. 1, 616. 1111, 666. 111, 666

11111111 Τ. 1111, 166

111 T. 1, 661. 11, 616. 1666. 11, 86.“

11, ²· 'ut 1611 ²· 1ω1 11, gom· TV,

4.1.1,1.66..4.11,64

Rip· T· TV, 60917081 Υ, ⁶1⁶· VT, na·
111, 466. 446. 11, 661. 166. 646. 664.
466. 8. 1, 6. 6. 11.6.11. 11, 6. 84

1111111 Τ. 11, 666. 666

1111111111 Τ. 11, 66. 816. 11, 614

111111 Τ. 1, 66. 111, 616. 11, 111. 1, 6.
111, 464. ix, 411. 466. 466. 461. 6611.

' 11116. 111466. 8.1,6.66. 11,1.

161. 11, 614. 1, 6. 66

111ρί1 T. i. 66. 11, 416. 11, 616116. 11,
616. 111, 666. 166. 666. 11, 616. 11,
111. 111111. 11111. 111. ’1,1.
1. 66. 111, 6. 46. 1, 6. 666

1111111111. 11, 116

Riphea T. 1, 466

1111111. 11, 611. 8. 1, 6. 161

11111111 T. 11, 466

111111111Τ. 11, 666

111111.11,111.1.,111. ..111 11,
111.1..111.ι,111 111, 111. 1111,
111. 1.,1. 11. 11111111

1111118. 11, 1. 41

Risum. 1, 614. 11, 181. S. 1, 6.- 81

16611116.. 1, na· 16, 6101 811181 lm· Υ,
6. 116. A. 1, 666

111111 Τ. 111, 118. 111, 661. 666. 8. 111,
6. 66. 1, 6. 666. A. 11. 616

 

