11 11111111.

111111. 1,74. 11168. 111226

1111111111, 48

Lectus T. 1, 198. 11, 687. 11641. Si,

Ledam T. 111, 168

11611141, 198

laedeo S. ii, 6. 46

1111111111 11, 886. 8. 1, 1. 68

Legunt A. 11, 171

Legata T. 11874

Legatos Τ. 11, 896

Iaegntum T. 11899. 487. 111, 89. 889

1131111 T. 111, 861. 656 ·

lage T. 1, 298. 11, 611. 11, 122. 768.
8.1,2.41. 111149. 111, 4. 76. 1, 8.

1111611 T. 11647

1116111111. 11,782. 1, 7. 8111,
8. 68. 11, 7. 61. 1, 8. 72. 1, 6. 69

legens T. i, 876. 1111, 879. 11, 171. 111,
278. S. 111. 182

Legem T. 11, 129

lagae T. 111816. 811, 8. 84. A. 11,

lage· T. 111, 78. 867. 111168. 1, 696.
11896. 111, 189. 477. 661. 612. S.
1,11ἳ81 152228126⁷⁸ 88 ⁴· n· ³⁰0
11, 2. 124. 146. 1116. 87. 11, 1. 6.
16. 11, 4. 89. 1, 2. 198. 1, 8. 69. A.

¹ 1111

11ᾳὶ T. iii, 866

legibusT.1‚ 191 8381 fiam· 181, Lm·
11, 8. 19. 76

Legimus T. 111, 12

Legio T. 1, 196

legione T. 11, 647

Legis T. 1, 6. 111169

LegisseS.11, 1. 88

lagu T. iii, 825. 1, 228. 11, 812. 111,
²2¹· S! i, ²· 1771 ii, ⁸1²²· ffl'⁸0 m·

. 11, 78

Legunt T. 11, 497. 8. 1, 6. 78

Iaeguntur T. 1, 688

1111111 Τ. 1, 688

Lemni T. v, 668. 718. 11, 161

bazah Τ. 17,6681 7,1311 ⁶⁸8· s· i, 2·

Iaemniacae T. iii, 274

lemniacis S. 111, 1.182

¹ 1111111611Τ.1,196

Lemnitdum T. 1, 446

Lemnias T. 1, 29. 699

Lemnius T. 11269. 11699. 8. 11, 6.

1111111111, 79. 297

Lemnon T. 1, 89. 272. 826. 616

11111611. 1, 69. 184. 186. 462. 719.
A. 1, 296. 114

111118. 11, 6. 89

cxxiii .

1111111111. 11, 817. A. 11, 888

1111111196. S. iii. 8. 169

1111111 8. 11, 1. 68

lenire T. vii, 766. 11, 897

tanis T. 111 86. 626. 11, 196. 8. 11, 1.
89. 111, 2. 4

111111 T. 11266. 11, 191. 8. 11, 1. 164

1111111611 T. 1, 798

Ianum T. 11687

11111111 A. 1, 486

Ianus s. iii, 2. 67

Iunii T. 111, 219

Lento T. v, 66. 8. 11, 2. 4. 11, 7. 29

lentum T. 1, 919

ΙᾹΟ 8711116761 87, 861 7818881 711, ⁶⁷⁰0
1111,124.678.694. 11, 789. 11, 88.
741. A. 11. 184

Iaeonem T. 1897. 484. 11486. 11271.
11, 189

11616111, 686. 11, 16. 1,176. 11,
74476611, 749. 8.11,1.9. 11 6. 18. A.

. 1,

Leoni 8. 11, 2. 61

1101111111, 618. 11699. 8. 11, 6. 89

1101111111 T. 11, 188

Leonum T. 11, 88. 11, 164. 111, 876. 11,
689. A. 11, 886

Lepore S. 11, 9. 64

leptis 8.11,6. 89

Iaem T. 1, 869. 11, 178. 711. 11, 616
11, 841. 8. 111, 1. 29. A. i. 417

Iamo Τ. 111, 848. 1, 679. 1111, 668. 1,
11111. 6111111111. 111.
181. 1, 8. 142

1111111 T. ii, 876. 111, 492. v. 448. 748.
1111, 112. 11, 111

11111111 T. 11, 124

Iaemoei T. i, 886. 111461. 11 181

Lemnis T. 1, 499

111111 T. 1, 88. 111, 117

lamam T. 11, 871. 618

1111111111 T. 111, 789

lamam T. ii, 488. 1, 899. 111, 169

1111111 T. 11484

letale Τ. 111, 769. 8. 11, 6. 79. 11, 4.
84. 11, 6. 72

1111111 S. 1, 8. 78

1111111 Τ. 11, 686

1111111 Τ. 11, 46. 8. 11, 1. 218

laum Τ. 11, 414. 1182. S. 111, 8. 22

1111117. 111669. 8. 11, 1. 194. v, 8.

11611111 8. 1, 8. 888

latha. Τ. 11, 86

1111111118. 111, 6. 88

lathem 8. 1112. 112

Lethen T. 11, 682. 1111, 97. 8. ii, 7. 191

1811188111887. 17, m· '12 ‘wa 81881
4. 8. 11, 6. 199. 111, 8. 187. 1, 1. 161

 

