m 44444

mannum 474. 44,“448444. 444474. 44484·
1ι44444, 444, 84 8484, 44 7.118. iv, 8, 48. Mi,
lauturTC ι, 484, 4844 844
anuaT. 4, 448 1444444484, 4 4
mmmm. 844184 4ῐ,7.8 ImpnT. 4444744
1444448.4,.4Ι44,44,4.84 144444 ’444444
hm 484 444478, 4, 444, 84, hupinT.iv,29⁰
4,8.Α,44487 144444444444748
minem. xii, 444 hummT. 44, 744
latifluam 4444444 InmuT.1x‚ 444
1Α4444Τ,444744, 844, 18 184444. 44444
4144444184, 4418444, 4488. 4, Iam A. 4, 481
8484447844, 44441. Sd, 6. 88. Imm T. 44888, 444448. 4444478.
44444 884, 444884, 844488, 4,1.88
1444444 T. 44, 844, 44, 478, 4444 744. 8, lane· 8, 4, 4, 444
4, 4, 44 lugi· Τ, 44, 44, 747. 774
L'nto T. 44844, 444447, 4, 788, viii, 1443444444, 4, 444, 4444, 44488,
74, 844, l. 44. 44, 8, 8, A. 4, 444 4, 448
444444Τ, 44887 bugamum 444787
IntumTii. 484, viii 748 444, 4448. 1444444444484, 444, 444
44, 1, 484, 4484. 44,,,741 4,,4 hugmdnT 44744 448,,444 4,,447
818 144Η84844Η4488,44’,,884
mamm 444,,484 44,,.84448 ωμ4ω8,4,4,48
441, 4, 41444, 448, 444, 44,“ 44, 444. 1444444444 ,77
448. 4, 844, 44, 447, 444, 44. 844, 184444844447
74, 447, 444, 1. 444. 444 4, 444, 4444, hnugineT. 444, 444, 44, 744, 8,4,4,
7,44,,,4444,4,,,44447484 8444448
1ι44Τ,44,14,448, iii. 884, 44844. lanu 444444, 8444444
448 447 44, 844, 444, 844, 4444, 748, 144444· 8, 44,4. 18
744, 4484, 44, 44, 844, 8, 44 14ρί4444448, 4, 848, 44, 4444. 4, 44
ΙενιΤψιὶ444484,8,444, 4, 444 14444444444444 &Ammius
44444484444 . 444ρί844444,444,887
[mmmm hpnTn 148 ,.4874444,484,44
14444Τ,,.44474444,,,47444484.4, 44474
444 lupar· 44844. 444884
tumr? ιι, 448 hpnreT. 4, 884, 44, 448
1444444Τ,“ 44, 444, 444, 444. 444, 444. hme. vi, 784, 4444, 444
44,,,4484447444 844488 4444444Τί,8444.4,474
134444134484484, 44488. 444484 hprviidsT
44, 474 lapsum 4 484, 44, 444
Im'tiaAst 44, 1 lapsumw’. 444, 448
· hermu: u, 48 Japnmr. 44, 448. 447. 44, 444444. 44,

henim. 44 444 884. 744 4444, 477, 487, 4, 844, 8, 4,
4444, 444, 444 8444

1.,444Τ44 484 4444448444444 8,44,8,44
wadnam-Mod 44444. 444, 144444444448.444,4.444

444, 44488748 1444444484877
444444444Τηί81 4444444844844 ’

LmbnT 44 48 4,,444 4844 messines

hnbuntTfmeAs. 4444 ,11444Τά, 447, 44, 44844, 47, 444, 747,
hmenhTm 488 4444 44444 mommsen 44148 8444,
4⁰1.1,569..xi.mzi1,345m. 144,44,.,.8.8841148,,Δί4,44
784, 84444. 4444, 4444444. 1444444444. 44,,444 44444,
4,,,’,,,’484444444.44,444 484 444887 8448444448.
444444444444,448, 44 4448444 444848

4444444444444444 14434Τ44,,,,.444.44448.8.444487
kamaram ...444 ,4,,444 Ι14. mah„ ’
444444844.44,484·,4444.444 4,.484 masmar

 

