xxxii

0101111018.11,7.10

capio· Τ.1ι,.001
01011111Τ.111,000.8.111,.400
0101.1Τ11,.01 1,100. 8.111.104,,1
1..401,1..14Λ.”1,101
010111Τ.1,.108 11,.4011,10

mon

0111Τ.,,11111.11110.Μ111.,107.

100. 8,11,.0.10 1,.001. 811118
01111117. 111181. 11,788. viii, 041.
1311111...

0110111Τ11μ10..11,400111,701.8, ·

010111 Τ.“ 11, 110. 100. 111, 784. xi, 111,1.40.100.11,1.100,11,4.80.

101

Amo. 1110111111

0101111131,104.1,111.11,ιιι.111, 011111111Τ.111,008

0101101118,“111,0.11,1,1.107
0101011188,111,.,001 1,.1180
01οΡ11111108,11,1.10
01Ρο1ι11111181,0.101
0101111οΤ ιι, 17. 11, 487
0101118111, l. 188
01011118,”“1ι1,1.11

&m S.u,9.ss
01011111118. 110004. xii. 107.
110,8.11,1.5.11,7.,.18.10.118
11,11, 80100100

0101101101111, 101
01οΡι11Τ.111,00. 1700
01οΡ.11111Τ1,011, 11811 81401
0101111151, 4. 17

010111Τ. 1,101. vii, 017

010 Ρ111Τ. 1111, 070

010 pu'T. 11,1118

010 Ρ111Τ.“ ιι, 710

0101111111. 1,400. 078, 848. 111, 08. S.
1,4.11.1,1101.Α,11,181
01011118.” 1, 4. 00

’0101111811οῙ

010 Ρ111111. 111, 101. 11, 810

Ca ptivoT( ιι, 407

01οΡ1111111Τ. 1111, 701

01111111111.1,008

· 0111118,’ 11, 4. 10

0111111Τ.“ 111, 411, 8. 111, 1. 41. A. 1,

0111111011 Τ. 11, 011

011011118.1,1,11

carcha-in Τ. 11,1101. A. ii,6

01101111 T. 1, 108. 840. 11, 116. 111, 10.
1111, 140. ι, 801. 11, 114. 8. 11, 0.

0111 T. 11, 710. 1,101. 11, 1888, 111,
4. 00. 1, 0. 70. A. i, 101. 171. 11,

0111118,ι“11,1.14

01111111Τ.1,104

0111111 T. 11, 014

0111111Τ. 1,184

0111111118.1,1,01,

011111111Τ. 11, 410

0111Τ.1ι’,074. 111, 170

0111088311, 010

0111111Τ ιιι 07. 8,1,.1140. 1111.οθ

0111111101, 104. 1, 1711. 141. 11107.
11,04. S. 1, 0110. 11,1,10. 1,1.
118. 11,,1101

0111111118.1,1,,114 111, 1. 1. 11, 1. 77.
A. 1,,101 11, 100

010111111Τ.111,181.11,117. 1,1,181 01111111Τ.11,114.111,88.11,147. 8. .

01οιοΤ.11,170.11, 101 111, 011
010101Τ.1,70. 1,1..400 11,1οΙ
0101111011ίὶ, 111. Α.11,184
0101111101 0.·1, 017
01011111Τ,’“111,440. 1111111, 11110
(1101111111110114. 111, 88101.

11, 008. x, 410. 11, 141
01011101Τ. 1,101

11,,.170111,1.140. 11,14101.
01111Τ, 111, 181. ’111, 101800, 8. 1,1.
00, Α,11,114
0111111118ἷί11,0. 110
011111111Τ.1104011,111.1111,147.
1,.874 ι1,00. 11101111. 11,
1.10.11,4,11,1170111411,0.

010111οΤ1ιο40 1001811170 11. 11,.,70 11,...1101110Ι 1,0.

0101110· ι, 100001. 11, 14. 111. 401.
111,.11011,100.104.1,041.11,01.
108. 011. 804. 111, 1. 100. 140. 040.
1111,71. 740. 700. 11,18.110. 11, 110
011704. 1188110. 084. 8,1,1.
01. 70. 1,1. 101. 11. l. 100. 11,7.
00.111,.011.11,.107.107.1,1.
10. Λ.1,.401 ιι 410

Capy 18111, 0. 77

011101..Μο 111,10..1111 1,.001
111184.401.,400111,188.8.1,1.
100. 11,1.08.111,0,101. 11,,.88
1,..11001.1,184.11..108100

0111111117.ι11,010,1111,.081,440.
8.1,....11711011071,1..111,4.
07.1,.00..11,..11711,1110.110.
11,,17,11,..000111,1..07111,1.
171110. 11,1...1400 11,1. 00.
11,..,,.01111008 1,.,11011,1.
17.88110..1071,...010481’,1,
140071

0111111117. 1,.0 11,177, 404. 111,.101
11,.088111,.1808.1,1.1. 1,0..10
11,1..111,0..001,1...1041081,
1.......18441041101070

-W

 

