101111 mm

1101100801 Τ. 1, 288. 111888 Hortatur T. 11, 81
1100108001 Τ. 11, 178. 11, 818. 788. 1101101111“.1,101.11,111
891. 988. 111, 488. 11, 848. 1, 888. 110111101Τ.1,12. 1181. 1111881. 11,
111, 718. 8. 111, 8. 88 848. 1, 888. 4. 111, 888. 8. 188.
1101110101Τ. 111, 718. 11, 88 v. l· 1²⁰
11011001 S. 11,1. 18 110111101Τ.11,88. 11811
11011001 T. 11, 818. 111881. 11, 888. 1, 110111101811, o. 88
111. 1111. 11, 111 1100111111
1101100101.11,884 110110 8. 18.84
1101110111 T. 11, 10. 11, 1. 81111110 110001ἰί. 111
Horreum T. iii, 888. 11, 884 1111111111. i, 487. 11, 811. 111, 181. 871.
1101110111 Τ. 1, 847 11184. 11878. 1118811888. viii,
1101100118011. 11, 888 888. 11, 488. 11, 188. 111, 188. 881.
11111101. 1, 181. 11844 784. 8.1,8.88. 111,1.88.1118.188.
Herm T. 11, 188. 8. 11, 8. 44 111, 8. 184
flamna· T. 111, 78 Hospita T. 11818. 11, 188. 848. 1, 888.
Homero Τ. 111, 784 11, 888. 1118888811. 888. 818. S.
1101111011Τ.111,41.888. 111881 1111. 188. 111, 8. 78. 11, 4. 81. 1,
1181111 T. 1, 888. 11, 187. 1111, 188. 11, 8. 188. A. 1, 88. 888. 818. 874. 1188.
2⁶⁶· 711, Ὴιωῡι 5⁶⁴· s. 1, ¹· m m
11011111 T. 1188. 11488. 888. 11188. 11010801. 1481. 111111. S. 11111.
mm 881784. 1, 178. 888. 11, Am
111101011001.1111111111. 1111111. T. 11, 111. 011. 11000. 111,
01001100. 111, 1. 11. mo. 110. 011. xii, 100
1111011001. 11011 1111011111. „um ..1, m. s. 11, 1.
Horridus T. 11, 888. 11, 888. 111788. 88. A. 11148
8. 1877. 1, 8. 77 Hospitii T. 1, 718. A. 11, 178. 887
1101118011Τ. 111118 11011101111100011. 111844
Horror T. 1, 488. 484. 11, 447. 111, 888. 1101018018, 88
1.,110. m. 1101. 010101. sos. 1101011711, 101. 10111101 111,
111811111111181. 1,188.888. 488. Α.11,848
841. 11, 88. 478. 11118. 8111. noma, 887. 888. 888. 111, 88111,
188. 188. 111, 8. 88. 1, 1. 84. 1, 4. 8 78. 1, 84. 818. 111, 888
11011011 Τ. 148. 11718. 11178. 1, 888. 1110101101. 1818. 11774. 888.
11488. 111, 488. 1111, 888. 1,478. 111481488888.1111,888.887.881.
888. S. 11,8.48 11188. 888. 784. 1888. 288. 11,
Honoribus T. 1, 887 881. 888. S. ii, 8. 81. 11, 8. 88. 88.
1100011101 T. 111, 187 111, 1. 88. A. 1174
Horruit T. 1, 18. 88. 718. 11188. 1, 1101101Τ. 11111101. 111888. 111188.
888. 11, 847. 1,78.488. 11, 87. 878. 487. 481. 888. 888. 1111, 888. 11, 78.
111888. 111101. A. 1884. ii, 178. 787. x, 818848. 888. 488. 11,
100 001. xii, 111. 11111. 1.,11
1101111118.1,1.οι 1100111010. 1111,111.11,071. 11,
1101110101 Τ. 11, 11 8411118811
1101111010οΤ. viii, 187 1101111 Τ. 1, 788. 11, 888. 884. 111771
1101101011 T. 111111 Hostibus T. viii, 188. 111110
1101110101 Τ. viii. 714 Hostile T. 111111. 788. 11, 18. 11, 888
Ηο111011Τ.1111, 181 1101111101 Τ. 111. 111, 888. 111, 488.
1111011111. 1, 118 848. 1, 18. 11, 888
11011ιο11801 Τ. 11, 488 Hostiles T. ii, 419. 1, 888. 111, 188. 11,
1101110100 Τ. 111, 878 1111010011. 1818. 1188781.
Hortamur T. iv, 888. vi, 888. vii, 481. 1118881. 888. Α. 1818
788. 1, 878. 878. 111, 188. A. 1, 871. 11011111 T. 11 881. 11, 188. 11, 78
11, 171 1111111111. 11, 18 111888. 788
flammas. 1111. 00 1108801108
1100111100 1010011111
1101110111 100 1111111 T. iii, 101. iv, 001. 1110. 111,
11871811888Τ. 11, 4881 7141081 81881 sn 1181 ⁹⁴⁰· 8881 8111, ¹²⁵· 31577· ιί1
111, 1. 114 ⁸12· 481. 111, 48. 788. S. 11. ²· 4⁴

 

