mvi 111011

1110901111887. 0.111. 1188 40. A. 1, 70. 11, 10

1100000118. 1, 484 11101 Τ. 111, 088. A. ii. 888

liqui T. 111, 801 1111111 Τ. 11, 888

1111111111,11,111 1110011180. 0.,18. 107. Λ.11,80

110 0111110· 1, 8. 00.1,1.108 1110011.·111,004.1,.040784. 11,888.

1101110111101111.11111111. 880. 0.1,.8 108
1,880 11101110. 11,1. 18

Liq 01110101, 8.18 111111Τ. 11, 811

1111111111111.1111111011.1111111111111
1,00 11100111Τ. 1017. 11,814.11,888. 0.

11001100111111, 180 18 18

11001111Τ. 111, 800 1111101111· 111, 188. 0.11, 817. 1,1.

1101111110.1,8. 188. A A 180 148

110011111Τ.111,880 liventibus 0. 1, 8. 80

1101111 11, 470. 11, 188. 0. 111,4.07 livere Δ.1,188

111111101Τ,1,010 livescunt T. 11, 88

1101101111, 080 788. 1,811 111110.1,8.181

110110101· 11, 781 111101Τ.1,87.11,14.1,808. 11,188

liquorem 0. 11, 7. 4 11101 Τ. 111, 818

1111001010.11,1.101. 111,8.818. 111,4. 11011101. 11, 477. 1,180. 111,
08.1,1.818 188. 0.1, 1. 800. Δ.ἱ, 848

1111. 111, 088. A. 11, 841 1011010111. 4. 01

11111110.111,1.111 10111111. ii, 101

11118001 Τ. 1, 800 locut T. 1, 808. iii, 487. 11, 780. Sa,

1111111111 Τ. 1, 010 1. 888. A. 1, 847

11111111. A, 881. 11, 848 laentum 0. 11, 8. 81. 1, 8. 807

1111011 Τ. 11, 010 1001111 Τ. 11, 744. 1, 88

11111 Τ. 11,801. 11111111. A. 11, herram. 0.1,1.00.11,8.17.44.
880 1111188. ·

1111111. 1, 888 1011111, 874. 0.1,8.10. 11, 8. 88.

11111111 T. 11, 087. 01, 4. 188 1111111 111, 8. 88. 1, 8. 44. A. i,

1111111111 111

LiternndedAA 1110οΤ.,.1180104. 1148801111.

1111110110.·11,7.10 188.1,8.00 11,408 11141148.

1111111111, 888. 11, 48. 111, 880. 11, 447. 1111, 180. 404. 880. 1, 888. 11,
117. 708. 808. 1, 84. 88. 488. 478. 088. 111, 808. 0. 111,8. 141. Δ. 1.
404. 700. 11, 18. 800880. 111, 100. 871. 888
180 710 1, 08. 11818 0.1,..8884 1011111110111111111111110.
180011110011,08011118 011841111111118801,
111, 8. 18. 111. 8. 78. 00. 11,801.· 11, 8.880
4.08.,.18170. .4.1,.80.187808. hammum
881. 888. 440. 881. A. 11, 08. 108. 1011011110. 1,488.11,701.111,
807. 804 7811111411. 11,700. 1, 4187. xi,

11110111· ι, 087. A, 878. 11, 881. 004. 070. 111, 488. 81801, 1. 08. 11, 8.
1, 77. 801. 718. 11, 888. 880. 111, 18. Ai'i, 810
888.111,780,Ι.01,8.181.11,.880· 100118. iA, 88. 111, 408. 1,8880.
11, 0. 81. 111, 1. 08. 111, 8. 180. 11 800 818 1111, 188. 888 410 11,
111,..8180111,8.,.0.11848.1,8. 801.111,.808408.0.1,4.110.1,.8
111.1.ι,....1οι111111111’11.1111011100 .
088. 11, 801 101011Τ. 111, 808. 0.11, 8. 80

littoreo A. 1181. 11, 88 , lacuum T. 11, 878

1100111110. 111, 8. 88 110111. 111, 880

11110111οΤ.11,804 1001110011. 1, 88

11111111.Τ..,111.1110111 1011001061.. 0. 81

11110111οῧ 111, 1. 100. 111, 8. 108. A· A, 1010101Τ.ι,478.1,784.11,878. 111,
88 800.0.11,1..7411,.480

1111111.ν,180.010.117. 11180110, 1001811117. 48108. 844. 078. 11,
180. 0.· 1, 8. 84. 84. 11, 8. 10. 111, 1. 141. 840. 807. 881. 878. 418. 714.

104.111,..807 11,4..88 11,..810 111,888. 1140. 1,80800 800 010.

 

