10111

488.11,818. 118881. 11,18.188.
1. πο Ῐ1,υ414π1 s· 101· ω

8111110101 Τ. 1, 818. 111, 448. 11, 881. 1,
888. A. 1, 888

8110111101 Τ. 111. 188

811011001Τ. v, 181

81101011 T. 1, 818

8110101111 T. 111, 888. 111, 888. 11, 848.
8. 111. 1. 81

8110111 Τ. 11, 181. A. 1, 418

811011Τ.1111,881

8110111Τ.111,888

summ s· V, l· ,10

81101101 T. 11, 888. 11, 488. 1, 181

stipentur S. 11, 4. 18. 111, 8. 81

811011 T. 11, 188

101011.1,111.111.001. 11, 1. 818.
888141. 1, 818. 11,188. 111, 881.
881888. 1,818. 8.11,1.188. 11. 8.
88. 1, 8. 11. 1, 8.188. 818. 1, 818.
A. 1, 884. 11, 88

8111011111.11, 118. 11, 888. 11, 188

80101001. 111, 888

8111011 T. 1, 488. 1, 818. 11, 881. 8.1,
8.118. 1, 8. 188

810118. 1, 8. 888

811101 Τ. 11,188. 111, 48. 188. 111, 881.
1, 888. 11, 881. 111, 118. 8. 1, 8.

8111οα T. 111, 18111, 111. 111, 88

8111101111 Τ. 11, 88

8111000111 8. 11,8. 188

811111 Τ. 1, 888. 1,188. 8. 1, 8. 81

8111111 T. 11, 888

8111111 T. 1, 888. 11, 88188. 1,188.
848. 1, 811. 8. 1, 8. 88. 11, 1. 88. 11,
1.188..4.11,188

811110 8. 11, 8. 81

81111001 Τ. 11, 418

stratus T. 1, 818

81111111 T. 111, 888. 11, 11

811111111Τ. 1, 881

8111111 Τ. 1111, 448. 111818

8111011 T. i. 818. 111, 81. 8. 1, 1. 88

81110110 A. 11, 88

8111011οι T. 11, 181. 1, 848. 8. 11, 8.

strepuere T. 11, 88

8111111 Τ. 11, 818. 8. 111, 8. 81

8111010 T. 1, 188. 1111, 888. 11, 888. x,
81111111Τ. 111, 888. 11, 881
81110101 Τ. 1111, 884
8111818101Τ. 1, 488
8111111811 T. 11, 888
stridon· Τ. 1, 888. 11, 188

0011101011ιο 1.,111 vi, 110
stridente 1. 0, m

8018101101 T. 11, m

mun-x ”

0111111.. 0. 1, 111 .
00111100.00,111.ι,110. s. ii, 1.

80111111 T. 11, 488. viii, 888. 1, 888

81111101 Τ. 11, 81

Stridore T. 1, 884. 1, 818. 11, 88. 811,

stridorem 811, 1. 81

Stridula T. 11, 1. 1111, 881

stridunt T. 111, 118

8111011 T. 111, 811

stringendi T. xi, 88

01108011. i. 10. 111, 111

81110ςὶ0011. 1111, 141

Stringit S. 11, 8. 118

8010111001 8. 1, 8. 88

81111111 S. 1, 8. 844

8110111 Τ. 1, 811

81101 Τ. 11, 88

Strui· S. 1, 4. 88

811011 T. 111, 888

81101111 8. 1,1. 18

811011111 Τ. 11, 818

81101110 8. 111, 8. 184

8110111001 T. 111, 88

struxit Τ. 11, 101

Strymon Τ. 11, 484

Strymona T. 1,188. 111, 881. 8.1,1.
81. 1,1.888

Strymonia T. 111, 888

Strymonos T. 11, 481. 888

811811 Τ. 1, 141

studii· T. 11, 188. 1,888. 8. 1, 8. 88.
A. i, 118. 881

801100. 11,10. 111011. 1111011

Studiorum S. 1, 8. 184

Studium T. 11, 881. 8. 11, 4. 88. 11, 8.

Stupet 8. 111, 8. 88

811011018. 11, 8. 88. A. 1, 488

8100111011 Τ. 11, 48. 11, 488

8100111011 Τ. 1, 888

81001110101 Τ. 11, 148

8100111. 1100. 011. 11111. 1111110.
848. 11, 888. 1, 88. 188. 881. Sd,
51431 111, A· AT· 1Το ²· ²⁰0 A· i, u·
848. 818

Stupuere T. 11, 448. 1, 888. 11, 888,

- 8.11,1.118. 1, 8. 188. A. 1, 484

810001 81, 8. 81. 1, 8. 111
8111001111 Τ. 11, 888

. 8100011Τ.11,888. 11,888. 111, 148. 181.

888. 1, 8. 188
81010018. 11, 4. 18
Styg! T. 11, 881. 418. S. iii, 1. 188. 111,
81111111 011, 110
1011110111· 111· 1·

 

