1111111111. cxcix ·

Sanguinis Τ. 1, 481. 878. ii, 481. 11181. 8111111 11, 188
., 11,’184.847.887. 1,117.888. 884. 8111111 81118 ,
11, 178. 2118811818. 11111188. 1111111111111111. 1111711. 8.
,111, 111. 111. 111. 111. ix, 111. 11111118
748. 841. 11, 481. 8.1,1. 118. Δ. 1, 1111111. 11, 18. 11184. 1111, 841. 11,
881 48. 271. 788. 1, 728
flengni· T. 1481. 11, 188. 844. 888. 111, 8111811188
81. 211148. 848. 888. 11, 81188. 8111111111 Τ. 111, 181. 8111, 1. 171. 1,
848. 1, 11884. 878. 11187. 11184. 1.118
718.1111481718.11,111.871.448. 8111111111 111418 ·
881. 1818471. 11, 1111111111 81111181171111.1111471. 11,
111, 488. 888. 778. 8. ii, 1. 84. A. 11, 111. 711. 814. 1, 181. 11481. 817.
uo 111, 181. viii, 112. 181417. 11, 488.
81111 Τ.1, 187. 11, 184. 1, 871 474. 1, 81. 87. 818. 814. 888. 888.
seriem T. 1, 127. 11, 181. 111 888 111, 211. 8. 1, 1. 148. 11, 111188.
811111 T. 111418 81. 88. 82. 111, 1. 14. 18. 81114. 111,
8111181182 · 1. 188. 11, 2. 18. 11, 1. 81. 1,1.48.
Seuere T. 1, 188 ,11, 188. 414. 11, 181. 411
suni T. 11, 144. 781 81111 T. 1, 711. 11242. 1, 888
8111111111 T. 111888 811111111182. 111488. 81, 1.11
8111111118.1,1.88 8111 Τ. 1, 478. 1, 811. 111, 741
811111111811188 81111 Τ. 11, 148. 1418. 11888. 11,
sflpPho s· V, 81 858 ason& 317421 Xifflw· 81115181·
81111111 T. 111, 288 11, 1. 48 ,
8111181118.1,1.128 1111111814. 11411. 111884. 111,
SmficotT0ffi‚m 7181 71171876. 118871 8171 ¹02„-
‚ 8111111118.11,7.81 111188
81111 8. 1, 1. 188 1111111. 111, 178
81111118. 11181. 118. 111, 11. 11, 81111118.11,1.1
111172. Δ. 11, 88 81111111Τ.11,881 ¹
8111 Τ. 111, 181. 111178. 11118 suun T. 11888. 11, 817. 1, 888. 11,
81111Τ.111,888.111,478.Α.1,188 718. 11888. 8.11,8.88. 1111188
111111. 1418 Scendebent T. 1141
SeteT. 11888 &meeber T. 11118. Δ. 1, 818
81111111111888 suadem Δ. 1, 448
8111181111 11, 111 scandente T. 11, 118
8111111 111818. 1418. 81118. 8111811811.111,18.Δ.11428
1111111178 81118111 Τ. ἰ, 111. 1144. 1118881,
81111111 Τ. 111488 1. 119. 111, 2. 18
entiam 111, 188 8111811 8. 11, 1. 188
8111111 Τ. 11, 184. 8. 11. 181. 11111 8111811111 Τ. 1, 881
8111111111 Τ. 111, 21 81111111 Α. i. 811
8181111811, 8.14. Δ. 1, 818 81111111 11884. 8. 114. 17
81111 T. 1178. 111, 118. 488. 1, 22. 111, Scelere Τ. 1, 181. 111, 188
188.714.11,811.1114111888 scelerantem T. 1111781
Setos Τ. 11, 177 8111111111. 11, 881
8111111111 8. 111, 4. 81 11811111. 11888
81111111 T. iii, 848 8111111111 T. 111111
8111111111’1’.11,888 Scelere Τ. 11, 448
1111111111, 881 Sceleri T. 1, 118. 11, 147. 418 .
Saturnalia S. 1181 Sceleris T. 11, 488. 111, 4. 18. 11, 888 ’ ’
8111111111181. 111111111. 8111, 811111111181. 11481. 11111. 1,
171 , A 181. 111181188. 1111181. 1187.
8111111111. 11, 188 148. 111, 888. 8. 1,1. 87
estunam& 114 811111 Τ. ii, 488. 111111141888. 1,
1111111111111111. 111, 181. 1, 181144. 11144. 1111118. 1848.
288 11181. 487. 877. 111118. 8111.
1111111111. 111 ro. 111 111. ro. 111. 118·
8818811188 , ’ 811 .. ’

 

