, lxxviii 11111111

2111111Τ. 1, 682, 111262. S. 11, 3. 7. 3111111111Τ,11,36.3.1,6.27
Α,ἰ,216 Ferus. 11, 999
huno T. 11, 316 Τ11111111Τ. 1, 377. 166, 111,116. 11,
3111161111Τ.11,622,11,666, 1166 266. 1, 361. 111666, 1111, 71. 368,
3111116131, 3.“36 11, 719. 798. 111, 236. 3. 1,2, 181.
Favonius 3. 111, l. 79 11, 6. 7. 11, 7, 13. 111, 3. 73. 1, 3, 17.
FavoreT. viii, 661, S. 1, 6.83 Δ,1,116.116
31161111 T. 11, 896. 111, 611 1111111161. 111, 163. 663. 1,116.
Ἑ111111Τ.1ἰ,132 111, 691. 1111323. 11,736. nm.
Favoribus T. 1, 786 11, 162. 111, 18. 97. 313. S. ί, 2, 273.
21111113.11,7.88 11,6.26.111,1,66.11,6.16,,1.1,
Fax T. 1, 698. A. ἰ, 361 133 163, 627
Τι1οΤ,1,668, 111178 Τ1111Τ.· 1, 268. 1,686. 11, 261, 1111,
11111111.1ι,111.6.11,1.1111 76.· 11, 626. S. 1, 2. 83. 111, 287· 111,
Fecere T.i‚177. 111,161,867,11,7113.36.11,6, 16, 11,1. 213. 366. 666
111, 183, A. 1, 377 111111,111.616
recerunt S. 111, 613 8116111111 S. 11, 6. 16
3111Τ.11,176 Τ1111111Τ. 11, 126. 111, 621
Fecimus'l'. 11, 637 3111111111ΤΙ 111, 66 162.11,276,11,
1161111111111 122. 631. 1,·786, 111, 161. 11,6, 11
reeith· 11, 166. 111,661,111,136. S. Τ1111111Τ,· 11, 381
111, 2. 62 11116111.ἰ,11111,11161111961111,
11111111Τ. 1111, 712 161,766,11,266.236, 111, 316. A.
’3111111113 1, 1. 221 11,116131
1'elicen'1'.'⁸ 111, 118. 1, 717. 11, 833. 1111, 3111111613111, 3. 37. A. 11, 366
163. 11, 36, 331. 312236. 111,,2 31111113· 1, 663. 611. 11, 221. 616. 711.
141. 11, 263, 1,2. 133 1132116169.11,3116.1,172.
111111Τ. 1111163711, 686 676. 633. 11, 666. 666. 11121. 228.
11111111Ψ11,1111.11,1111. 3.·11,2.23 176.1111,718. 11,636. 111, 681. 3.
1111116111Τ.11,132, 11, 723, 111, 166 1, 3. 261
11111161Τ.11,761.111,161. 3.11,1. Τ11111113.1,1.27
37111, 1. 113.111,.1 12 1111111111.11.111.1.111.61111,
111111.’16111111111111,,111.161.·111,1.11.ν,1.111
11, 332. 111, 281. 326, 1111, 636. 11, 3111111111· 11, 138
726.1,163,163.616.3.1,,.”176 1, 31111111Τ.111,166. 1,731
1111111618.1111111111 1711111Τῇ· 11, 466..741 111, 316. 3116,
76167. 122. 11, 7. 94. 119. 111, 1. 26.· 111,1.31,11,1,36.1113111626
32. 1111111111.1111111111. Teret1.11,4.88 3.11,6, 36
11,1.36,11,2,·.3611,1,167676. 3111111Τ,1,363
11, 6. 88. 11,8. 49. 1,1.61. 198. 1, Τ1111111Τ. 111, 616
2 21 169. 176· 1, 3, 916. 266. 1,.6 8111Τ,“ 11, 161. 8685 Adi, 116
69. A. 1, 386, 619. 11, 268 1111117.1,631
remum· 11,262.11,666 1111111111]
6111111111Τ.1,636 1111111113.“’ 11, 3. 17
1116111611. 76 Τ11111111111Τ, 1, 616
2111Τ.“ 1, 116. 11, 666, 11,116, 1, 13, 1·1111111Τ,Ι 1, 761. 11, 236, S. 111, 2, 33
261.231.671.11,7.188.111662.81611161111111,266
11,732. 11,261. 6111111111. 11, Feriam· 111,81
6.11 Τ111111111Τ. 1, 216 ·
31111111Τ.111,367 81111Τ.’ 111, 112, 1111, 968. ix, 617. 1,
Τ1117.11,111,11,67.111,161.1,136.763.111,163.3··,,111,11.111,1.
3171112666663161111 166.Α.11,336
236,1,13 111111.11,611.1611.111111.1111111111,
1··111111“.1ι vi, 166 1, 486. 11,161,617,666, 111, 162.
1111111.11,11 1111, 166. 636, 11, 176 331. S. 1, 2.
Τ111111Τ.111,611,,,11311.31,1203 217.1ἰ,1,.111161,1111,1,,,1211
2111111Τ.·“11,661.1111,336,111,36,3. Α.1,672
1111111111111116111.. 1. 66 112212ιι 3612120184 ιω am
1 1· 1

 

