XX

4114414811 474, 11,,488414, 44
4111118181,11,14. 111,,884878, 4111,
41184181 1111, 8
4118111141 T. 11, 488. A. 1,448
411181141Ἂο
4181841111.1, 181. 111,810
41418414 4. 1, 4. 70
4148814441,8,84
4118811114111, 4. 48. 1, 8. 41
4411811141.1,181,11,418, 111,478.11,
141.448.704..8111,..1)0844 11,
108811. 111,488478, 1111, 840.
408, 1, 08814. 4.1, 144

4148001141. 11, 080

4141811111.11,188,11,88.4.1,818.481

4141888181,Ι 11, 48

4141144411, 848

8118188188

4141181481· 11, 818. Sa, l. 87

4114111114111, 4111

4141118181.1,848

4141181881.11,848. 11,181, 4.1,1.

8188111113... 884

4111113811.111,410.484. 1108811,
800. 11, 818. 4 iim?

4141138111,1,083. 4180

4141138181. 111, 140

441113818111111, 481

4141381841. 1111, 880

4141384481,·“111,844. 111, 78

41111138 1111084111, 1. 2⁰

4114111· 1, 881. 410. 444. 11, 188 484.
480. 408. 881. 888. 881. 111, 8. 18.
188. 184. 888. 444. 014. 088. 708.
11, 10.70, 110. 180. 8141, 404. 487,
811. 8, 148. 888. 488. 840. 784, 11,
144. 804. 814. 888. 018. 018. 111,
181. 887. 808. 488. 484. 881. 887.
778. 1111, 80. 188. 140.170.184.
840. 888. 11, 10. 48. 480. 848, 888.
1, 81. 188. 840. 400. 840, 000. 807.
11,88.00.100.147. 178. 080. 400.
878. 710. 111, 08. 108. 811. 710. 714.
747, 4.1,..,11884 111,..118411,.8
184.11,.478.11,,,784 1, zu,
118, 1.· 1, 111 88111, 88111. 181.

’ 848870

4111118118 T. 1, 484

4111181,11,474,11,808

4111818141,1, 48411, 187.·111, 41811,
840.1,10.410.887,11,781.11,40.
1108441748. 11, 184, 418. xii,
188. 448. 040. 4.ἱ, mm

411008Τ. 1, 184, 11, 801. 1110841111,

004,408.11,184088,1,401,111,
171.,41,,,.14841,114

411141.111,881

mnnx

41183114.,1 488

411131181.1,811

41113188.1.818.1ῑ,118

4414818411, 800

41113111,1,100,1,408.111,488. 11,
844. 1, 770

4111311111· 1, 88

4413111111, 111. 11, 404

4111181814 110

8114111111. 81,1.188

44111813 11,878. 1, 480

41111 T. 11, 848, 1, 78

4181114 Τ, 11, 118. 111, 487. 111, 478. 4,
111,8. 87. 1,1. 811

4181114111 S. 11, Ι. 181

41814481,1,488

41181. ἱ, 100. 111, 10, 11, 178, 11, 417.
487 , 484. 808. 778. 111, 41. 188. 11,
888.11,414.111,188,4.1,8,14. 1,
4. 111, 1,4.40, 11,8.88, 111, 1. 88.
111, 440

4118111 T. 11,448. . 1, 4. 80. 111, 4. 87

41188 Τ, 11, 488. 11, 488, 11488. S. 1,
8. 47. 88. 1,4.44. 1, 4.81, 11, 13184.
1478. .111. 11,7.11. 11, 7. 48. 411,

41448884.·“ 111, 1. 184

4100818411, 0. 48. M, 848

4111884144,118.18. 1,1.8

411181. 11, 118888.181.1111,181

418118 Τ. 1, 887. 410, 408. 011. 11, 414,
817. 11, 84, 818, 1,147. 489. 884.

11,808. 478. 471. 841. 840. 848. 111,

488. 781. 1811188. 11, 14. 44. 140.
1, 47. 448. 478, 447. 774. 780. 084,
11118888. 880. 111,· 08. 184. 118,
840, 887. 411. 411, 410. 447. S. 1,1.
10. 141. 1, 4. 48100, 11, 4. 81. 111,
4,.881,1,184,4.1,148.481.480,
11, 188

41111. 1, 814. 444. 718. 11, 11. 48.
888.404,111,110.188.814.874,11,
·.141 174. 8, 800. 414. 844. 11, 4.
411. 111, 84188. 441, 444. 808. 888.
1111, 148448. 1,748. 11,17,17.814.
111,,188 4111,8.84.,.1111,80 1,.8
84. 1,4,18

481181, 11, 484, 788· 11, 1110870881.
781. 1,14, 11, 148180. 181. 878,
874. 484. 484. 084. 788. 1111880,
480741. 1, 140. 11, 184188, 111,
101.41,.4104.111,.1.11811,..11
1,1. 144

4141141481ᾘ11,088.1,481.11,844.
m.ffl.u,ffl

4414414881, 11, 174

418441488411,1,488

4144481. 111, 048. 04411, 744. 778

411816 11, 101. 441, 11, 881. 788

 

