111 sumtum.

8111111 Τ. 1, 478
81111151 Τ. viii, 041
Externa Τ. 111, 888. 1111, 810. 11780.
E 111,ῃῦἐῖ 8. 1ὲὲ 80. 11, 5. 40
1 117,
81111111 T. 1, 455
81111111 Τ. 1, 480. 1, 700
81111111 Τ. 1, 878. S. 1, 8. 70
Externa 8. 1, 8. 51
Externos T. 11405. 111188. 111458.
000. 8. ἰ, 1. 80. S. i, 8. 804
Externum Τ. 11, 075
Exterritn Τ. 11, 575. 11, 084. Α. 1, 508
Exterritus T. i, 811
Exterruit T. x, 878
8111111118.11,1.108. 8.1,8.0
81011111111 8. 1, 1. 58
Extimuit T. 1111, 445. 11, 150,
Extinctae T. 1, 717
Extincti T. 1, 008
8111111111 T. xii, 770
Extincto T. 1111, 87
Extincton T. xi, 178
Extinctum T. 1, 800. 8.1, 8. 75
8111111111 T. ἰ, 855
Extinguere Τ.,1, 808
Extinguite T. r, 080
Extinxete T. 1,011 Ι
81011. 11, 14. 410. 1, 170. 048. xxii,
Extitit T. ir, 708
muniano
811111111Τ.11,810. 578. 11, 107. 111,

“ Extrahit T. i, 588. 111575. 1111485. 11,

Extrema T. 1, 475. 111, 800. v, 800. 11,
880. 880. 1, 144. 178. 570. 010. 700.
xi. 508. 111, 755. 750. 8. 1, 8. 100

8111111118 1, 410. 588

'Extremam T. iii, 70

8111111111 T. 111, 814. 111408

8111111111. ii, 870. 1, 485. 111, 781

8111111111. iii, 00. 11, 885. Α. 1, 858

Extremo T. iii, 158. viii, 548. 785. 11,
780740. 1, 584. 111777. 818.
851. 14. 18. Δ. 1180

ι &tremonti-ianr. 111008

Extremum T. 111, 808. 11840. 11, 008.
1, 085. 111, 170

Extremus T. xi, 155. 111, 808

8111111111 T. 11, 80. ut. 11085

hu

ffloeffimtn

81111111. ix, 70

811111 Τ. 11, 800

Exuirnnx T. 111808

Exuit T. 11, 585. 11, 500. 874. 11, 888.
1, 271. S. 1, 4. 8. 11, 7. 40. iii, 8.145.
11011011ω

Eruitur T. vi, 880. 1, 041. 088

ωη1ω11ω1ωά1
400. 11, 77. 1, 488. 11, 504. 818. 1111,
010. 11, 58. 1, 585. 11, 108. 508.
510. 540. 788. 780. 111, 884. 444. S.
111. 8. 104

811111 T. iii, 74. 11150

8111111111 T. 1, 178. 11, 180

811111181154. 11814. 111088. 11,
851807

8111111111 8. 11, 4. 88

8111111011 8. 1, 8. 141 “

8111111111. 111, 85. 11, 808. 11, 740. 8.
11170

8111111118 11, 04. 1, 580. 1178. 85.
111704

8111111111 T. 111, 588

ExuitnntexT. 11, 058

81111111 T. 11, 788. 111, 800

ὴὼη111ω101

8111111111 Τ. 111, 500

8111111111 8. 1, 8. 818

8111111118. 111, 8. 88. 11, 1.5

8111111111 Τ. iii, 580. 1, 100. 585. xii,

8111111111 T. 1, 000

8111811484

811111 Τ. 1, 450. 11, 858. 11, 400

8111111.1,487

8111111111 T. 11, 108. x. 047

Emtm T. ir, 08. 11, 80. 8. 1, 5. 71. 11,
5. 88. 11, 000

8111111 Τ. 1, 480. 11, 155. 888. tii, 05.
11, 508

8111111 Τ. 11780. 1107. 101110. 11,
558. 577. 1, 887. 411. 11, 40. 8. 1, 8.
101. 1, 4. 88

81111111 Τ. 11, 850

8111111811, 8. 80

Τ.

1111111181, 558. viii, 880. 1, 875. 8.
1, 8. 80. 11, 4. 10. Α. 11, 878

1ω11ω1ω11ω1ῂή1ω11ω

188. 781
8111151011 Τ. 1, 810
8111115111 Τ. i. 441
. 8111115111 Τ. 111, 005
8111110111 Τ. 111881
81111111. 11, 808

11111. i. 854. 111, 580. 11, 808. 800.
viii, 057. 8.1, 1. 85. 18. 188. 111, 1.
numum

111111 T. 111, 508. 708. 11, 5. 1, 480.
080. 088. 111848. 850. 81088.
1, 8. 100. Δ. 1, 087

 

