cri ruuex

100011118. 1,1. 01 InchnT. 11,118. r, 001. 111,41 . 1,
lucerne Τ. nr 100 401. 8.1,1. 141
ramnum ’011111 11010010, 1. 11
1000110101. i. 140. 111101. 11,100. 11, 1110011111 8.1, 0.14
100.111,100.81,1.10 1000101110 Τ. 111, 110
transumuntur 1000010111.1,100.1.1,1.100
1100111.ϋ,111.101 1000010011. 11141
100011110 Τ. 1, 101. 11,110 11000108.1,1.11
110011101πο T. 11, 18 1100000111 8. 1,1. 141 ·
1000111νί001 S. 1, 0.1 Ιο0001110111Τ.11,100
Incerti Τ. 11, 101. A. 1, 10 1000010011 811,0.0
lncbcerc 8. 11, 1.10 recompensamus
10011011 T. 11, 008. viti, 011. 1, 101. 1000000108.11,1. 08
u, 111. 01110110 011111 ramum-meu. 1101

1001000101.11,001 Increpet T. iii, 11. 111. 11, 111. 010. 1, ’

Incidere Τ.111,110. 8.111,4.00 811. 800. 11, 111. 8111, 1. 01
1001001001 T. ii, 081 Increpet Τ. x. 401
Incidit T. 1, 1. 1, 111. 111, 111. 1111, 1. increpitu· Τ. 11, 000. 11, 101. 011. 11,
1180111110 470. 1. 111. ni, 181. 000. 111, 110.
Inprc T. 1, 111. 1, 010. 11, 008. 8. 111, A. 1,101
1. 114 1110100118.1,0. 41
100101101Τ.11,111 Incubet T. 1, 108. 101. 8. 11, 1. 00. 111,
0ορ110 s. v, 01 · 1. 11. 01101

Incipiente T. 111, 140 Incubo T. 11, 008
Incipit Τ. 1,111. 11, 110-111. 111, 101. Incubuere T. 11, 800. 8.1,1. 18
11, 081. 1,10. 1111,101.100. 11, 111. Incubui Τ. 1, 11. 8. 1,1. 81
11, 000. 8.11, 1.110. A. 11, 108 Incubuit T. ii, 111. 11, 010. 111, 811.
Incipiunt T. 1, 118 1,110
100111 T. 111, 111 Incede T. ii. 118. 8. 1,0. 1. A. 1, 414
1001111 T. 111,101 1001101οι11 T. 1, 118. 8. 111, 1. 110
1001101 T. 1,011 Incultum Τ. 11, 11
11101111 8. 1, 0. 01. A. 1, 110 Intuitur T. 11, 101
1001101 8. ii. 0. 10 lncnrnbcnr T. 1, 000. 1, 801. 111, 100.
1001000001 T. 1, 000. 1, 111. 11, 081. A. ““, 111
8. 1, 4. 00. A. i, 11 100010οω1010 8.111,1.0
1001101111 Τ. 11, 700 1001110001οΤ. 11, 000
100Ιὶ0101 Τ. 11, 110. 101 1000010018.111,1.111
1001101001 Τ. 1111, 111 Incumbit 8. 111, 1. 01
1110110110 Τ. 11, 101 1000010001Τ.111,11
Ιο011011Τ. i. 011. 111, 11. 11, 401. 11, Incurrere T. 1, 110 .
800. 111, 700. 1111, 81. 1, 00 Incurrunt T. 1,110. 11, 010
1110110111 Τ. 11, 01. 101 Incurrunt T. 1111, 100
Inclinato· 8111, 1. 100 Incurrere T. v, 118
10011οι10111 Τ. rii‚l Incurribur T. 111, 111
10011001 8. 111, 1. 11 10001οΤ. 1,101
100111001οΤ. 11, 810 1000111 Τ. 11,110
1001011Τ. x, 110. 001. S. ir, 1. 11. 11, incurres. 1, 1. 10

0. 10 1000111 T. 111, 080

1001010111Τ. 11, 110 10001101 Τ.11,000. 100. 11, 100
10010111 Τ. 111, 118. 8. 1, 1. 18 10001101 Τ. 11, 01

Inclurum T. ii. 011. A. it, 111 1000111 A. 1, 410
Inclytn T. 1, 101. 11100111. 111, 111. 100010 Τ. 111101

Α. 1,1. 11101 10011111 Τ. 11, 001. 1, 008. 111,001
1001110 Τ. 11, 010. 11,100. 1111111. 1001111οΤ. 1, 111

11, 101. 000. 011. 0101. 111000. IncutrretT. iii, 440

S· v. 1. 8 · 1000111011.111, 110. 1111, 110
InclytupT. 1, 111. S. i, 1. 00. 81111018 10018. 1,1. 118
Incognrtr T. 11, 000. 11, 100 indagine T. 11, 001. 111, 101. 8. 11, 0. 1
1000001111Τ.11,101 100110 A. i. 100

 

