111 87181811. cxxxi

111ς11111.1,488. 880. 848. 11, m. 118111111111111. 111888. 11,
Ι 705. 788. 111, 101. 8111, 818. 8, 177. 708. 11, 817. S. 111, 8. 187. V, Lm
181888. xii, 88. 888. 81181. 1111118111 S. 111, 188
11, 8. 94. 11, 8. 48 81111111Τ. 1111111. 8. v, 8.1
1111111111. 111, 84. 488. 878. 888. 11, 11111111. 11884
888· mmm *1. 848· 111. 77. 480. 8111111 Τ. 1, 180. 11, 88. vi. 18. 8. 1, 8.
788. viii, 88. 88148180881. 11, 97. Δ. 1, 488
84. 198. 880. 887. 888. 1881898. 11111111. 1, 887
489. 1188. 8014Ν. 1111,1ὔ.819. 1111180811. 111888
801. ai, 119. we. 118184. mmmmm
111181. iii, 198. 1111118. ui, 811111111788. 11288. 811111),
41171 17141 ⁰8· hunt„- 71111911 1112196. 8, lom
’,1148178 118880. Α. 1, Mulignn'r. 11881811, &mc
174. 819. w. 488. 801. 848. 11, 177. Maligna S. 1, 8. 48
ΙΙ. 889. 418 8111131118. 111, 1. 110
81131111111111888. v, 488. 888. 748. 8111131111 Τ. 1, 878. 11, 498
1, 111, s, 1, 1. 11 11111μοΤ.ἱ.181.8.1,1.148
Μιεΐοῄἷλῖἰίῶιὲ. “ifingflhaxhivsst Μ111ἑὲ111118.11,8.77. 1,8.8ω. 111,
11, . . . . . , .
184.11’,4.48. 11871. 11180. 1111111.11.18.888.11.877.1,88,884,
111 1111. viim. 11111111. 111,
Magnum 8511189 4188181111111111)
8111111111’1“.11,188. 11141710. v, 811111111789. 111111. 11, m, x,
⁴⁰⁵· Vsum· 7111111108817101 18, 8⁹⁶· s· 1, ,a ω
818. 1111111111111. 788. 8. 111, 1111111. 11, 484
1111111888. 11188 1144. 8418111181887
81. 147. 884. 818 111111111111,8111
8113111111. v, 148. 1488. S. 1118. 1181118118188
44. 111147. 11181 11, 18 11111111 Τ. 11188. 811104. 18. 94.
Μ111Τ.11,1.11,899.8.1,1888 · 1, 8. 84. 111, 4. 48. v, 188
1111111.. s, 1.. 1. 11 1111111111111 111111. 11111.
1111111111 Τ. 18811. 111478. 8. 11, 8. 1111111111
41 1181011811 Τ· 1111011 111.”·11911.11
11111111111118.1,84 ’ 844. iv, 798. 1, 848. vii. 478. 11,
111111. 1111. 11111111. 11111. 111. ι, 111. 11111. 81111111.
888. 889. v, 88. 40. 11817. Μ. 489. 478
1111111. 881. 11, 888. 808. 871· x, 8111111111 Τ. ν, 788
880. 811189. 1188. 111180. 8111111181. 8. 09. 1111188
1111188. 1111181. 1118. 818. 8111811181149. 11874. 8. im.
11, 14. 11, 4. 84. 11, 7. 11. v. 111. 88
808. ν, 8. 89. 818. Ἀ. i, 189. 898. 81111111 Τ. ι, 718. 8. 11, 8. 81
11, 448 1111111. x, 878
81111111. 11878. 111, 888. ν, 88. 111, 8111111118. 1, 8. 87
708. 11118ω. 81117. 118. 7. 8111111111. 11, 874. 11, 488. ix, 888. x,
111, 8. 187. 11, 4. 88. v, 188. 1, 8. 811. xii, 109
180 811111111111818. 11888. 18.
1111111117. 1, 809. 11881481. 407. x, 44
888. 887. 818. 100. 111, 1. 8. Α. 8111111111.11,418
11111888 11111111.11,111.1.11,1.111
81111188. 11188 1011111118.1,1.10
8111111111 Τ. 11, 78. vii. 488 1111111111111, m
8111111811 Τ. xi, 487. 717. S. 1, 8. 71 8111111 Τ. 11, 780
8111111181, 111. 1118184 1411111181 T. 11884
811111111111781111841. 1111, 888. 111111111“..11,111
S. v, 8. ln 1411811111 T. 111, 884
8111111 Τ. ix. 89. S. i, 4. 81. 11, 7. 78 Mandane T. xi, 888
Mn· Τ. 1889. 884. 11184. iv, 484. 11111111.1.111.11,ω1 111178. 11,
11888. 111480. 1111,811’ 1808. 188.1,88.8.11,8.·48.11,4.ω
11, 180. 808. 887. S. iv, 8. 81 8111141111. 11, 484. iil, 881. viii, 888·

 

