clxxxiv 111011

0111101001111· 0110111 Τ. 11, 000. 1100
Quaem Τ. 1000 011111 T. 111011. 400. 1, 074. 111000
0111111011000. 1047. 0. 11, 1. 07. 0111111 T. 11, 107. S. 1110. 170
110100 011101. 1100. 111101000- 1111000.
001110οι010οΙ 111. 040. 01140. 10010. 111, 0.
(1.1...10101110 101. 11. 10. 111οι
0011110 Τ. 1, 000. 11, 007 Quanto· 0. 1, 0. 01. 11, 0. 100
01111000011.11700 0111111110 11, 177. 11, 000. 400000.
ρῦὓῐωὼτο 7011000 ,10011 ,1100010101 Μ
0111111101, 100. 700. 11000. 111, 00. 01111111. 11100. 440. 111104. 010.
1111. 11100. 11000. 011111. 000700 0111.
111, 1. 00. 1040 0111111... 000
0111111011400. 111100 011110 T. 11, 400
Quantum. 107 01111111.11,100.01,1.11
011111010114. 01 “ 001111 T. 1111, 40. 0. 11, 0. 141
0111111. i, 040. 11740. 111000. 0. 011111011Τ.11,010. 1040
1110. 00. Α. 1000 0111111111 0. 11, 0. 01
00111110111100. 1, 017. m 1111, 0111111111 S. 10110
047. 11001. 001. 1100000000. 0111111Τ. 11, 010. 1010007
111, 110. 010. 8. 10000. 11.0 01111111 T. 11, 000
0111111011.111,004.1111100. 1070. 011111 T. 11, 040. 100. 87. 400. 11
1Μ1 mmmffimmffi
QumT. 1, 00. 11, 407. 010. 40· 000. ix, 084. 881. S. 1, 4. 01. 111.
00111111. ii, 111. iv. 101. vii. 111 11. 1111111111
1111 070. 007. 11, 070. 11141. 417. 011111101οΙΞο
001. Δ. i. 040 0111111101 Δ. ii. 444
0011111111 Τ. 111000 01111 Τ. 111, 700
01111111 Α. 11000 0111111111101. 1111407. 1000
0111111011, 070 01111110. 10. 100
Quonim 0. 111. 70 011111 Τ. 11, 000
0111111111. 111100 011111 Τ. 1, 110. 11, 700. viii. 000. 700.
010111111111000. 11111 zi, 1111. ..1100. 1111111 ii, 1.
11011110 114. 111. ο. 111, 11. 111
0111101111101. 1770 0111111111 T. 11114Ιο. mi. 410
0111111011 Α. 11000 01111111 Τ. 1, 400400. si, 04
0111011111 Τ. 111, 070 “ 0111101 Τ. 11, 100. 1100. 110. 0.
0010111 Α. 11, 000 1110. 7
Quae Τ. 111, 000. 1000. 11, 171. 000. Quam T. 1, 000. 111, 011000. 0. 111, 0
1111100. 11000. 111000. 011, 7. 00
101. 01140000 011111Τ. 11000. 111007. 11000.
00111 T. 11, 004. 710 700. 0. 11, 0. 00. 11, 0. 00
0111111101. 100 0.11.0. 111100. 0111110111,Μο
11000. 117.04. 11114070. 111, 00011011001100111400. 1074.
MT· 110. 01. =‚1.l⁰8. 10007 418. 111, 004. S. 10 000. 1000
0111111. 111, 000. 000. 1040. 111701. Quemcum ue S. 1000
0. 1, 0. 17. 11, 0. 00. 11, 0. 11. Δ. 1, 0111111111 ,1111010
00. 000. ii. 04 0111111111. 111001
0111110111. 0 80. 1 0. 017 0111110. 1, 07
0011111. 11, 01. 11001. 111. 000. 0011101.11400.0.11.70
1011110111 011111οΤ.11000.000. 1040000.
0111111 Τ. 1100. 11100. 000. 11100. 111700
400. 11, 400. 000. 700. 1100. vi, 01111111 Τ. 11, 707. 11070. vi, 001. 111,
111 111. ...101. 11111111. ε. v, 1.
001111 Τ. 1, 470. 11400. 11700111, m “
170. 1111101. 1011. 010101. 11, 0111111 T. 1, 000. 010
111. 1111111. 1.,1. 11. 11. 110 0101111. xi, 111
44. 10140. Α. 104 ⁴ 01111111 Τ. 111710. 1100. 111007.
010111111111140, 11101 1111010. :imm

 

