IN STATIUM.

11111 Τ. 1111, 646

vm T. 11, 861

111111 8. 1, 8. 86

1111111 S. ἰ, 8. 78

11111118. 1, 6. 74. 111, 1. 16

11111118. 11, 1. 46. A. 1, 16

vitreum 8. 1, 6. 16. 11, 8. 6

Vino 8. 1, 6. 41

11111 T. iv, 661. 1111, 89. 1, 646. A. i,

111111 Τ. 1, 666. 1111, 177

1111111111 T. 11,166. 11, 81

111ω1.11,111111,161 111111. ι,
166. 666. 111, 468. 8. 11, 7. 6. 11, 4.
61. iv, 6. 11111611

111Λ1111 T. 111, 117. 8111, 8. 8. 11, 8. l.

.ii‚ 861

11111111 T. 111, 461

1111111111 T. 111, 768

11111111 T. 1111, 176. 8. 1, 6. 16

111111 Τ. 111, 467. 11, 686. 1111, 117. 11,
46ῗ. 111, 66. 8. 1,1. 148. A. 1, 11.

vitulos T. 1111, 696

1111 T. 111, 644. 8. 1, 8. 48

111111 8. 11, 8. 41

1111111 T. 111, 48. 8. 11, 6. 16 ·

11111 Τ. 11, 861

11111 8. 111, 1. 114

1111 T. ix, 894. 864. 111, 816. 8. 11, 1.
111. 11, 8. 48

1111111 T. 11, 674. 8. 11, 1. 1

Viventes 8. 111, 1. 96

Vivere T. viii, 187. 111, 414. 8. 11, 1. 67 .
111, 8. 76. 11, 7. 61

111161 T. 111, 184

11111 T. 11, 61116. 11, 169. viii, 196.
846. 11, 668. 8.11,1. 184181

11111 T. 11, 181. 1, 667. 8. 1, 6. 61. 11,

111111 8. 11, 1. 148

Vivo Τι A, 1¹⁸· ⁵⁴⁷0 1, ¹⁰²· 'il ²³⁹⁸
1111, 61. 761

11161 8. 1, 1. 169. 1, 6. 69

11111111 T. 11, 878

1111111 T. 111, 441. 8. 1, 1. 166

vim 8. 1,1. 48

1111111 Τ. 111, 716

1111111 T. 11, 418

6111111. 111, 766

Ulciscend- Τ. 111, 168

6111111. 1111, 66. 11,116. 1, 816

1111111 Τ. 1111, 666. 1, 166

61111. 111, 688 ’

1111111. 11, 476

111..ιέ4 Τ. i, 111. 111111. 1.,111. 111.

111111. ἰν, 17. 161. x, 711. 8. ἰ, 1. 61.
111, 4. 66

ccxl!

111111 Τ. 11, 476. 666. fl. 1, 1. 186. A.
ii, 111

Unius T. iii, 876. 1, 761

111161. 1111, 161. 11, 614. 8. 111, 4. 76

Unus Τ. 1, 861. 11, 661

Ullum T. 1, 661. 8. 111, 4. 65. 1, 6. 76

1111111.11,167

ulmi. Τ. 11, 416. 8. 11, 8. 66

Ulmum T. 11, 166

111111111Τ. 11, 166. 1111, 646. 646. 8.1, 1.

111111 Τ. 11, 671

11111111 Τ. 11, 666

1111111 Τ. 1, 616. 111, 411

111111. ii, 1. 61. 111, 111. v, 1. 111.
v, 8. 166. A. 1, 171

111111. v, 111

111111. 11, 611

Ulterior T. 1, 197

Ulterior. Τ. 1111, 16

1111ιὶ6111. 1, 611

Ulterius T. 11, 169. 8. iv, 8. 47

1111111111. 111, 884. 111, 417. 8. 1, 1. 167

Ultimus T. ix, 176. 849. 11, 811. 8. 1,

Ultio T. 111, 667. S. v, 1. 94

Ultor T. 1,188.674. 111, 817. 1111661.
11, 644. 666. 11,148. 8. 1,8.168. A.
ii, 67

Ultorem T. i 141. 8.11,1. 116

Uno... 1. 111, 111. A. 11111

1111111111 Τ. 11, 668. 668

11161111 Τ. 11, 171. 11,166. 111, 771

11111111 Τ. 1, 117. 1,16.611

1111111111 Τ. 1, 617. 11, 4

1111111 Τ. 1, 711. 11, 866. viii, 768. A.
1, 867

Ullum T. 11, 9

1111111Τ. 111, 188

1111111118111, 1. 76

1111111111 Τ. 1, 719

ululantibus 8.11,1.46

1111111Τ. 11, 176 Ι

11111111 Τ. 1, 818. 111, 168. 11, 714. 1,
667. 8. 1, 8. 86

1111111ῑί6111 Τ. 11, 191. 1, 697. 11, 187. ”

111, 481. 677. 11, 876. 484. 111, 174.
811Π

1111111111 Τ. 11, 894. 111, 111

1111111111 Τ. 1, 664. 11, 178

1111171118 To 'fidu

111111111Τ,811,716. 8. 11, 1. 4. A. 1,64.
11 14. 1

111... s. 111. 111. 111111. .,1.
148. A. 1, 471. 646. A. 11, 66. 66. 87.
116. 161.187.198. 871

1111116. 11, 1. 118. 11, 6. 67. 11, 7. 46

1111111118. 11, 6. 8

1111116111, 671. 11, 861. 111. 1⁶· 161.

 

