111 1111111111. cxlvii

664. 11, 85. 266. 66611, 666. 687. Ν111111431, 274
668. 1,668. 111, 266. 626. 8.,.12 Ν11111Τ. 1111, 666. 1,661. 4.1,147
44. 4.· 1, 668 “ Νε11111Τ.” 111, 666. 11, 264. 1, 616
ΝοιιιυιΤ.1,.661 11,.16 626. 626 661 Ν11111Τ.111,764.1,722. 6.1,..668
Ι 111,116.11,266. 666. 726. 1, 666. 11,7. 117
11, 66116. 226. 111,166. 648. 627. 111ιὶ111.11,111.111,111.11,111.11,
1111, 261. 647. 766. 11, 666. 712. 1, 646. 111, 261
666. 111, 461666. 8.1,2126 11, Ν111111Τ1116611,684. 1,.616 8.
612 11,7. 111. 111, l. 66. iiia. iv, 6. 68
168.11,6.66.126·11,4.16.1,.1 6111618111, 1.148
46. 1, 6. 286. 4.1,16. 428664. 1111118.11,2.78
646 11111111Τ. 11. 268 ·
Νορο1Τ. 111, 267. 4.11,165 · 1111101211, 127. 8.11,6.166. 1,6.
NepotemT. 1, 677. 11, 666. 618. 11, 162
668 6111111118.·1,6. 116
Νερο1ειΤ.·1,81. 186. 6124627611, 61161111814. 127
661. 826.111,162.267.11,826. 1, Νε11111Τ311,666.11,661
767.1114688111671,.2268. 11111117.11,268.1,468
111,.1176.11,827. 1111111, 6111Τ1141681416
166. 281 NexaeT. 11, 628
Nepoti T. 1, 268. 6. 1, 4. 76 Nexi T.'‘ 111, 146
Nepo 1111111Τ. 1, 666 Ν111611Τ. 111, 477. 811, 1. 64
NepotisT.'‚ ιι 12211, 661. 416 1111111111
11111111111Τ.11,168. 8.11,1.166. 11,8. 11111881, 8....61611886 8.11,4. 1
66 1 161 .
111111016118111, 2. 6 1111111Τ.11,166724.1,666.667.11,
Ν11111111Τηὶ, 2861 111, 271. 816. S. 462. 666. 1, 868. 11, 624. 6.11,6.
111,...6824“1,224 78..,41266 -
Ν111111111111Τ.111,688.666 11111161, 466 · ,
111111111111141. 111,466. 11662 1111111116.1111,111.1ι,111. 8.
1111111111Τ,11,674 111, 6. 67 ’
111111111Τῦ 11, 666. 1, 666. 8.··111,2.62. 111311Τ311,686. 1,166.176.766. 1111,
1,6.242 6.411. 1161162211 226 “

1111111111.11,111.,1111 N1gnT1am³6⁸w 1111111 ’

18111141Τῦ1, 626. 111, 177.·11, 646. 816 11,166.621.11,11.111,476.111,
Nerea T. 1111,266. 8.11, 2. 76. 4.11, 264. 8.1,6.166
661 1111111111,111.11,111. 11,861. 111,
1111111431, 627 111. 8.11,1. 16. 11, 4. 62
111111111Τ311,4618.1,2.126. 4.·1, Nigan. 1111, 246
168 NignnteT. 11, 464
6111161183 1, 2116 6111116118. v, 2. 64
1111111111Τ.1111,662. 8.··111,1.144.111, 1111111111·η,1111.1111,111.11,111
216 nigrati-rr. 11, 762. 1,.67 228
181ιεί41141662 111 guntibusT. 1, 166
6111161111 Τ 11, 672 NigrusT. 1, 624. 662
6111118112166. 4124122481 Ni 3111111811ρὢ
NereoT. v, 46 NigriT. 1, 666. 11, 46.· 111, 146. 11, 446.
Ν111111Τ.· 111, 416. 1,467. 4.· 1, 642 1,676.1111,268.1,26.111,272
Ν1111Τ. 11, 47 1711111 Τ. 1, 667. 1, 668 11, 416 ¹1¹.
1111118· 11, 7. 68. 11, 6.8 424. A. 1,466
1111111118.1,6. 62 . 6131121666. 111,416 11,261. 1111,
Neronem S. 11, 7. 116 678
1111611181, 2. 66 ³ 6111111131,1111.11,1111
NervoT. 11, 866 1111111111.111,111.1.111,1.1111.111.
1811111Τ.11,666. 8.,.1266 111,1.111.111,1.11.11,..11111,1.111
Ν111111Τ.· 1, 228. 11, 181. 11, 646. 11, 6111111111Τᾙ·111,478. 8.·11,6. 12
5641464. 8.111,6. 112 NiloT. 1, 12. 111, 618
14111111111118511, 6. 74 ΝἰΙιιιΤ. 11, 766. viii, 352. 81,..677
Nescierat T. 11, 264 1, 1. 166

 

