TN STATTUTT.

1111111ιὶ118.ν 1, 5. 61 677. 8.111,1.76
1166616111111. 11,1.116 11111111Τ. 11,·816
6666116116. 8.·111,1.165 6161111111. 112
1111161111Τῖ. 1 226. 1, 61 9111111181, 6. 66
Destinatr.·1i,1w. 11,686. 1111,166. Β.11111111Τ.11,666

11,611. 1, 66 91111111Τ. 111, 761
Destinet .1.1,266 9111111111, 16. 11,661 111,212
111111111Τ.111,666. Τ.1,271 9111111Ἂί,616.11,7711611167.
Deetituit T. 11, 696. 1111, 218 ·· 161. 171. 188. 612. 666. 686. ιν, 196.
Βα1111111111Τ.1,666. 11, 766. 111, 212 666. 1, 22. 166. 616. 688. 11, 856.

σει . 1111, 6211. 11, 612. x, 116. 166. 562.
1161616111 Τ. 1,688 681. 911. 11, 91. 118. 216. 218. 111,
1111111111Τ. 1, 879. 111, 98 182. 8111, T. 11. 111, 8. 1. 1, 1.166.
1111116111. T. iii, 277 1, 6. 261. A. 1, 186. 126. 616
1111111121, 281 1111111117. 11, 671
1111111613 ι, 126 1111168111, 6. 161
1111111111Τ.1,166 1111611111Τ.ι,761
1111161151,216.11,258.1,16611, 0116111111Τ,“ 111, 266

267.111,766. 81,6.76.11,1. 166. 111111731568. 11, 66. 55. 616. 111, 662.

111, 6. 96 818. 126. 677. 686. 618. 611. 11,
6111311, 761. 1, 712. S. 11,2.88. 11, 117. 168. 267. 228. 866196. 612.

1. 67. A. ιι, 281 666. 776. 1, 188. 176. 192. 681. 761.
· DetegisTss 1, 561 · 11, 676. 621. 716. 111, 162. 668. 786.
1111111111,662 1111,276.161.11,161.161. 1, 11.
Demeas( ι1, 8. 87 > 21. 862. 662. 111, 162. 768. 8. ι, 1.
DetenonTn 578 8.1, 1162 56.111.11,6..16 11,666. 111, 1.
1111111611Τ.·1, 181 · 16. 86. 111, 1. 25. 67. 11, 6. 126. 11,
Βοωπ118.111,6.16 6. 66. 81. 1,1.87.188. 1, 2.176.
111661κᾴ111 1,1. 11. 1,1,111 111
111111111Τ.11,7 1111111Τ.1,717.111,151.11,126. 11,
Ι).......ε.1,1.111 111..1ι,.1ιι 1,111ιί. .,.111
ΒοωιίῑΤ. 1, 266 11111111Τ.· 11, 56. 276. 616. 81, 2. 66
1116611681, 6. 21 1111111 Τ. 1,16. ιι, 111111116111.
1111111118· 11, 111. 111, 661. aila. 17 111, 186. 161. 266. 671.“ 11, 6. 667. 1,
9111111118111, 1.12 216. 11, 668. 676. 666. 666. 111761.
11111υῶ811, 7. 66 1111, 166. 11, 276. 166. 816. 666. 1,
ΒοωιςιιωὶΤ. 11, 187 181. 182. 288. 619. 687. 672. 886.
DetorqueTT. 111, 787. A. ι, 98 988. 11, 6. 121. 687. 689. 688. 761.
111111611Τ. 1111, 676 111,161.767. 8.· 1, 1. 67. 1, 2. 67.· 11,
ι).1..111..1. x, ’111 1111111ι.ι11.111,1.111.11,1.11.
12111111111811,6.66 66.11,2.11.11,..61162.77.1,1.
ι).....ι..ι.1,11111.111 111. 111., 1. ιισ. ν, 1. 11.

- Β11111111111Τ.111,617 A. ι, 121. 866. 626

Ι).1..1111.1.,111.ι,111611111.66111791166111.6111111111.
11, 8. 71. 1, 8. 276 767. 711. 775. 111, 618. 782. 1111, 166.

6.......Τπ ...1, 111. v, 111 111.ι.,111.111.111111...11. ’

111411112ἒ·Ι 1,287. 11, 861. 1,111. 81, 11,75.111,89.8.11,6.88.11,6.66.
1,1.181

111111611Τ.11,165 1111111111Τ· 11, 576. 11, 661. 111. 116.
111111111Τ.11,187 1111111 1111111. 11,71.188.118. 666. '¹3
6111111111· ιι, 621. 111, 516 666. 661. 111,265 8.11,6.66.111,
1111111111Τ.11,721 1.6..1111,18

1111116111ΤΆ111, 16 1111111176, 116. 111. 166. 1,111. 11,
11111111Τ.1,661 29666616611116681666
1111111Τ.1,661.11,568.111,625.111,11,1.5. A. 1, 666

116· 11, 216. 111,211 1111111Τ.11,226.11,872.11,66. A. ·

1111111183 11, 816 11, 61
1111111112· 111, 167 11111111Τ3111,166. 1, 161. 111, 726
11111111· 11, 798. v, 216 11, 161.· 11, 11111111Τη1, 766. 11,16. 656. 111, 668.

new. 11 711. (Ta. 11111. 611611

 

