ωγίἲ num

88111888. 0,,,.8888.’8.8.0,8 800100108ηο8, 188 ’
88, A. 1, 188, 11, 881 800110οΤ, 1,818
800000οΉ ,888 11,188, 1818. ι, 80001Τ.11,88,887, 0, 78. 811, 881.
81, 8118810818 011,.888881, ’18,887. 10881 ι
801000οΤ,1,888,11,188, 111, 818. 1,188.881.881.011,..1888 Sd. 8,
100000010801011100110, 188,,,11,188.888
817,,.10888.81,.,.88181,888 80001οΤ.1,888
80008008,10,8,18 8000001Τ.11,.888 018
80001018 ιιι 1, 88 800000818888
80000013· 887, 10, 188 80 10101,11,88.10,818. ιι·1,888.8
8000011Τά, nAA'T. 01818. 881. vim 8,,81,11,8.88
’111,881,01,888,011,,8178,11,8,880010011,,0188
musi.. 8. 88 8000810οΤ, 0, 888
8000οη011,811 ’1,11, &MD 80008100οΤ. 011, ⁹⁹1
1, tu Sopo 11101οΤ,0, 181
8001088088 mu 800001081888
80000801,1,888. 10,.88810,8118. 80080801Τῶ,811
10,8,88,Δ,11,888 flammeos
8000810031010 8001101Τ,111,888, 0111181
800018. 1, 8, 87 ’8018010001801 8, 118
80001Τ3· ιι, 881878, 10, 8⁹. 881, 1, 8001100013 10, 888
18,ωο11,88,10,88.8,111,1,188.111,8018101Τ.ι,8878.0,8.81
. 80080010ωᾶ10, 888
8000011.01,88,8.11,1.888 80080011οΤ,011,181
80001·1“.10, 888 8008001180οΤ. 011, 818
800018. 0, 8818 80080101.10,888.8,10,8.88
8001010οΤ, 10, 188, ’,8. ’1,887, 011, sorderet S. 111, 1,]88
888180818888888, 01888, m. 801Ᾰ1οῗ1.10,818. 8,1,8,181, 1, 8.Μ.
818. .1,1.18.88 .,888
80081. 1,881, 0, 818, 8111 8. 88 8018180 T. 11, 888, 111888. 0,888, 0111,
80011013· 0, 78. 0, 188. 888 888.0,888,01,81,8.111,8,88.11,
80018001,11,,8880,888.10,,1718, 817
10, 888, ’,,,888 Δ,1,881 &amussim
800110οΤ. 10, 188, 0111, Μ8,1,1,88 8001180810, 8. 88
800οΤ,111,888,10,888,8.11,8,88 8001111008,10,8, 18
8000008, 1, 888 80081010οΤ. 011, 888
· 8000001,11,881,8,1,8.8 80000Τῆ,887..8181Μο1888.
8000111,11·ι,888.10,88,0111,118,10,ἰιι,811.888.888.881. imi. 01,
888 71,91,110,111.101.011,110 8.1,
8000101,10,818,0,887 1,,8811,1,.1880,8..8111,1,
80000001, 1,888, 8.”“ 888 188
800001101,..,88808.81 80000001,,.0888.1·ι,1,888
800101Τ. 18, 8810, 188, 881. 0, 818. 8010100138888111, 178. 10,88. v.
0,81801188,8,10,8.88 88881. 11888818, 011,888,811,
0101001011, ιι, 010 v, 000 wem. ,01, 00. 001101. 1.,111.
8001ιιΤιιι 118 888. 0,888, 01,118.118,818, 011,
8001100οΤ. 10, 818 mm 881, 81818188. 1,8.
&numism 01,ιο 0010000010, 1100111,
800000001Τ,10,888.8,1,8.1 8,81. 10,8,188, ’,1,888, 118.
8011010001,111,878 181, 0. 8. 8. A. 1, 88. 888. 888. 888.
80οι110ῑὶ0 8,1,8.81 A. 11, 188
8000111, 011, 1181 8010011,11,188.10,188, 011, 118ἃ8.
8000011118ω8888881ομ888ῌ88, 8.0,,.888.Α.1888
01,88, 8.11,1.,118 ’,1,188. Α,,1 8000018008.1, 888
888 801001οΤ3· ιι, 881, 818. ’11, 188, 011, 888·
8000οΤ,10,887. 11,110,701,081,Ιι, S.iii‚2.h

⁸⁴⁹· 03887, ιιι 817888 &ivm 80001001.1,888.11,888,10885811.ι

⁹ 10 0. w. 0, m ’11,898. ’01,88 881 10, 881. 811,

 

