xxiv 1118111

,11111111811418 AugeS. 111, 1. 48

ΛιιάἰιιΤ, 1, 788. 1,884 AugtmutT' 11, 884. 11, 888. 11,488

8111118811, 847. 111, 881. 111, 485 1181111111, 878

118181Τ.111,888 Au 1111111811, 71

,111111731111111111 888. 11,87. 11811131111111111. 8.111,8,181.
111111 11, 8. 8

811111811Τ. 11, 881 AugetuT. 1, 88

1111111111Τ.1,184. 111,171 Augur T. 1, 488. 111,8. 184. 848. 888.

111111111Τ.1,888 11, 441, 488. 1111, 88. 11888 1,187.

111181ι1118.1,8,88 888. 488

Auditum Τ. 11,888. 8.1,..178 .1.1,11111111Τ.111,788.788.1111,18. 888.
878 11, 818

Audimus· ιι, 84. 441. 488. 111, 878 Augurius. ι,.8 178. A. 1, 88
881. 1,84. 8.ι, 8. 41 .1111111111118,1,8.188

1181111181, 1. 81 1111111111Τ.1111,88

’ ,11111111Τῖ ui, 888 1111111111 T.'' ιι, 888. 111, 888. S. 11, 8.

.111111ιΤ.··ιι, 881. ι11, 778 48
ΛιεΙΙίιιιιΤ. 11, 888. 818, 8 AuguriuT. 11,111. 11, 887. ι, 848. ι,
1111811811, 8. 88 188
1111881111. 181. 8.ι, 8. 178 81111111,Τ,“ιι,188 11,88.1111,118.
ΔιιιιιίΤ.111,148.1ι,487. 1111188. 888.11,847.1,88.111,48
11, 888.111,848.8.11,8.181.1,.1 AuguriumT. i,18'⁶. xii, 884
87. 888 AugrururT.¹ ι1, 888. 8. 111, 8. 18
1111111111· ιιὶ, 188. 11,888. 111, 88. 888. 1111111118. ι, 8. 18
1111, 84. 11, 18 8.,ι 8. 871 Augustus-‘¹ 111, 1. 88
AvemT. 11,888. 1111811, 1, 48. 11, AugustiurT. 1, 787
488. 811, 8. 88. 1, 8. 88 ΔιςιιιὶιιιιιιΤ. 111881
,,1.111111Τ1878.8.ι,8.881 Augu ιι1111ιιιιιι8.11, 888
8111111188· ιι, l. 178 Aug ιιιιιιιι8,· ι, 8. 188. 11,8. 18
ΑιοιιιιιΤ. 1111,788 Augu 111183 ιι, 1. 88
AvemturT. 111884 111Τ,1,488.11,888.8.111,1.178.
,1111111111 Τ. 1, 787 11, 818
.11οηί Τ. 111, 488. viii, 888 Avium, 87811, 7811, 184. 887. 714.
Arcadum 718.1,884.11,88,888.1,.888 111,
ΔιειιιιιιιΤ.1,888.ι,887.1,71 . 148. 8.11,8.88. 1,8..8 1,8. 144.
11118118. 111,.1178 Α.1,.·48811888487
ΑιιιιιΤ. 11, 878 1111111111111. 11,188. 111881.
8188111811, 148 111, 188
81111111Τῦ ιι, 844. 848. 1, 878.ιῆ,1111111·.··111,884.1,888
118. 888. 784. 8. ι, 8, 88. 1, 8. .1111111Τ, 1, 181. 11, 78. 1111188. 11,
88 88.111,888.8.11,1.188
1111811181, 1. 7 AvidumT'. 1, 418. 11, 17411, 884
ΛιοιιὶιΤ. ιι, 88. 111,788. 788. 1, 781. 11111118·Ι ιι, 888. 11, 888 .
”vm 11111111, 818 8,1ι,8. 188. ι,1 .
AvertiturT. 11, 188 118
ΑιειιιιιιιΤ. 11, 884 1111118111, 118. 888 1,888.11,418.
ΑιιιιΤ,“ι,888. 111, 488. 11, 88. 784. 1,888.11,.88888.8.11,8.181. A.
1111,881.1,817. 8.11,4.18. Δ.1, 1,488
818 . 4111111Τ.111,888.1,781. 111188. 8.
AmitT. 11, 188 11, 8. 84. A. ι, 178
1111111183· ιι, 1. 81 AvidiuimuuA. 1,888
, AufuneT. 1,888. 1111, 788. 8.,1 1. 7. 8118118111, 88811, 488. 11, 817
ι. 8. 88 Avidum· 11,888.11,848.818
.1111111Τ, 1, 888 1111111111 111, 888. 11, 418. 888.
11111111Τ,111,.8888.1,881 8,,,18881.11,88
AufertT. vii, 784. 1111, 488 11111811, 8. 78
ΔιξῗὲιοΤμί, 181. 818 11,188.,81,.8 ΑιΙιΤ.1,Δ888.”, .111, 887. vii, 887. aiv,
884. 1,878

 

