11 sunum. xlix‘

(1111111 Τ. 1, 118. 111, 18. 187. 811. 11, Cuncta Τ. 1, 448 111, 887. 8. 111. 18·
888. 1,111, 11718. 1118881111, 1, 8.181. A. 1878
181. 1, 848. 11118. 81, 181181. cunctabitur T. 11, 188. A. 11, 118

· 1,1.88.1,8.18.18.11,1.18.111,1. 0111111111Τ.111,118

8.11,1.18 Cunctanter. 1, 888. 8. 1,4.81
01111111 T. 11, 81. 187. 478. 1, 818. 11, 0111111111. 111, 88. 111, 481. 11, 188.
181. 1,81.188.8.111,1.78 81811
0111118111 1, 418. aii. 1. 88 1111111111111. 1111
01111118. 111, 1. 118 Cunctanti T. 11188
01111 Τ. 1, 888. 1, 87. 11, 188. 8. 1, 4. omatibus T. 1, 118
81. 1, 8. 18. 11, 8. 41. 1, 8. 7 cunctantior. 1, 811
Calpe Τ. 11, 111. 1, 481. 8. 1,Ι 1. 88. 0111111111 T. 1, 411. 11181
11, 8. 81. A. 1, 881. 11, 111 cunctaris T. 11, 188
0111111111, 811. 8. 111, 1. 48 8111111111. 11, 841. 11, 878. S. '
0111111 T. 11, 1 11, 1. 81. 11, 8. 8. 11, 4. 77. A. 1, 48.
01111111 T. 111111 11118
0111111. 11118 01111111Τ.1,18.11,11.118. 11417.
01111111.11,181 Λ.1, 178

, eulpam T. 111, 181 0111111111 T. 1111811

0111111111 A. 1, 11 0111111111 Τ. 11118
culpet Τ. 111 178 0111111111. i, 481. 11, 88. 11, 181. 11,
01111111111111 111, 8. 88. 1, 818. viii, 181. 11, 888
1.188 Cunctatus T. 11, 781
0111111111 8. 11,8. 11 011111Τ. iii, 184. 111, 111. 118. 1111,
011111111Τ.8,181.’ 811, 1.117 111111811111. A. i, 188. 11,
Cultor Τ. 111, 881. 111111 184
cultorem T. 1111181 011111111117.11,178.888.111,188.
combustum 117. 888. 11, 18. 888. 1,11. 188.
011181111.11,881 ’ 188.11,188.884.111,81.181.181.
0111111118.1,1.181 111118. 81. 111. 11, 81. 111. 111,
0111111111 111. 11114. 1, 1. 11. v, ι. 11
cultrix T. 11, 118. 111, 181 cuncto Τ. 1, 181. 1888
01111111, 1881181118. 1,181. 11, Cunctos Τ. 1, 187. 881. 11, 181. 11, 878.
88. 111188181. &inm 11, 1. 181.111,188.1111,1.147.8.1.1.88. “
lm· Aa T. ²⁷¹ 11. ²0 ,0117ρο ’71 '2’- 8⁶· Δ111, ⁴2³
0111111ΤΙ 11181 011111111718. 1111411. 8.1,1.111
011111Τ.1,111.181. 11, 811. 818. 11, 01118Τ.1,118.11,877
- ⁸⁰· 111. vii, 111. ix. 111. 818. ι, 1111111111. 1, 11. 111. 11,
781. xi, 111. 177. 811. 118. 11, 1. 8181111118. 1,1.181
41. 1118. 88. A. i, 181. 881. 11, 111 0111111 Τ. 11, 111
0111118.11,8.41 cuperent T. 11, 881). 8. i, 1. 188. 11, 8.
0111111111 11
0111111111 1.1,888 cupiam T. 188
01111111 Τ. i, 811. 11, 88. 8. 11, 8. 17 01111111. iii, 111
01111111 Τ. 11, 111. 111, 811 Capiat T. 1, 118
01111111111.11,411 cupida T. 1, 487
cumfllo T· ipme 17, ⁴⁵⁹· 7111181777· ΟΠΡ111ΕΤ1Χ1114Ή
ix, 841488. 8.11,1.188 Cupidus Τ. 11,888
cumulos T. 1111, 181. 148 cupidi A. 11, 141
011111111111 111881. 11,111. 0111111111118. 11118 ,
1411888.8.11,1.118. 1.188 01118118.11,1.111 ’
canen T. 11188. iii, 111. 818. 11, 18. Cupido T. 111, 811178. 11118. 111188.
1,18.111.111.νί,11.1111,118.118. 1.181. 11188488. S· 11, 1.111.
1, 181. 188. 781. 781.818. xi, 888. 11,1.18. 1.1,114
188117. W. 111, 1. 118. 178. Ei, cupidos T. 1111, 41
817. 1, 1.118. 11, 1. 84. 81. 118. cupidum Τ. viii, 718. S. 1, 1. 88. 11, 1.
4 m ffiT²oe⁸ 1111814911971 17μὸ1 ll
8. v. 1111181. A. 1118. 881. 11, cupida-T. xi, 888. 8. 11, 118
11.88 01111111.1,481.11,818.111,188

81111. 11 Ver. 0111. 111. 8111. G

 

