lxxx 111111

1111111111. 11, 478 188. 8. 111, 8. 00.-117. 88. A. 1,
1111111110 11010 171. 1180
Festinato! A. 1, 100 111111. ii, 488. 11118. 811010.
Teuthis T. v, 881 · 111,8.110.1,1.01
11111111Τηί,11ι 11, 880. ι, 888. 8. 11011111 1107. 11, 804. 808. 818.
1,8. 188 111000. 1111111. 1408. 111708
Festi· 0. ἰ, 8. 801. 11, 4. 80 Fidum Τ. 111, 400. 080
Festo Τ. 1, 808 1111111111, 808. ι, 880. ,111, 878408.
ramatum 1111111. 111, 1. ιιι ·
1811111 Τ. 11, 880 ΤίμωΤ. 11788
1111118111184 111111. ι, 808. 8. 1, 1. 118. Amos
1101110111887. 1807. 11, 10 · 1111111888. 81111. 07
110111 Τ. iv, 400811 1111111111111800
110111 Τ.11, 810. 111, 480. 8. 11,8.8 113111111800. 880
111111111111111111 11,11.νιιι,11181,1.11 ,
Picus. 1, 8. 844 1111Τ11,180..4.1,188.800
11111111, 810 113111101074. 11881700
111111111111111111. 8.,.11 11311111 111, 801. 111, 87
10001104 111118117188111488111170
11111111Τ. 111080 anumT. 1, 048. ii, 877. 818 .48.
1111111111.11111111.1.,111 11, 888
888. 1, 401. 111, 808. 1111, 888. 878. 11101111 111, 881. 1,.800 11, 880. 888.
017. 11,...810088714 181811, 11,.87οι,800.8.1880118
7088118071180711 1111Τιο88118001810814
107.ιὶ,77 7....011808111,.1.1711,1870.
111111111111. 1111714 ’1,.187878. 11448
111..1.1.,11...1111811111 11118. 1,1.107
1111101111. 11808. 0. 11,.0 11111Τῦ1118δο
10. 11, 7. 87. .1,11 01 1111118111, 8. 80
11011Τ. 111848. 818. 104 111οΤ. 111, 070. ‘J' ιι, 0. 80
118111118.· ι1, 0 08 111111111111800
11011111, 178 008.11,800,880.111,11101118111180
8104801,100.888.111,018.1ι, 1110111181, 8. 88
888. 11, 888. 880. 808. 111, 878. 8. 1110111110· 1111, 480
ι18711,8..08 11,..88800.111,.8 1111Τ.111,188.1ι404008048 viii,
00.11,0..1007,..177Α.1,408. 881..008.11,0008.1,8..84111,.8 ,
11,7..880808.888 178.11,..,.011411880.Α,1,.108
1101111. 11, 078. 1111, 870. 8. 111,] 291. 6111
11118188 11111111Τ.11888.810, 1111111. 81,
1111111118. i, 10 8. 11111181811111. 1, 1. 18
ΤίἀοιιιΤ. 11881 01111111, 41. 111111. 11, 8. 80. 1,8.
111811, 800. 000. 11, 100. 800. 800. 01
808. 417. 408. 000. 111801. 11111, 111111111008. 11000
78.1,.081171.087.000. 11480. 0131811111)
088. 080. 111, 817. 878. 1111 170. 1111110111· ιι, 188. xii, 488
817.081.1ι,17.ι111811.641.1111818511114181,ι.1.ν,1.101
ιι 08 818 111, 114 847 8.1,..888 1111111111 407
111, l. 881. 111, 8. 81. 111, 0. 8. 11. 1111011111, 184. 11, 141. 11781. Sa,
11,..4.0111,008.,.1108...00104 1800
1810117 A.i,888. 11108800 111111111Τ.1.888 1,.708 11100 ·
1101011811, 114 11111 Τ. 111, 810. 11, 884. 800. 11, 001.
Fidi T. iii, 08. 1, 00. 11488. 111, 448. 11, 10. 8. 11, 1. 808
viii, 800. 8.1,14. 108 Tuam. 11, 048
1111111111, 888 1111111111ΤΧ ιι1, 11. 880
11101ιί11116 ι, 880. 11, 878 1111111111, 800
118111111011810. 1118111800. 8. 0111011111 xi, 881
1118188 ’ 11111011, 1111, 01
110111. lx. 040. Α.·· ιι, 87 1111011101888
1101311111111111.1.,111. 111, 111.111.ἰ.,111111

 

