ΙΝ 8111111111.

010. 11, 7. 0. 1, l. 100. 000. 1, 1,

10011100
11811111Τ. 111, 000, 010

mx

tuum Τ· 111 m· 111, n·- 11, ω. 1,
718. 11,008. 111, 100. 101701. 8.
1010011117117111

1101111.11,000.1,070.111,,107 8. 11111.,.11111181000

Ιιί8111101198511,1.01.11,8.00
laboriferi 8,11,0. 00
110111111011. vi. 00

11001111.11,000,111,010. 81,0.

000, 111, 0. 00. A: 11, 170
11110118. 111, 0, 80

Ι111ο1111111.11,100,11,871.1180111.

000, 8. 1, 0. 00
11111111, 11, 700. 8.1,0,10
1101111111. 1, 000
11111111 T. 1, 000
Imm .1.,11, 110
111111111οηί1 Τ. 1111, 001
111111111118111, 0. 00
lacedomoniam 1, 11, 18

’ [1111111107. 11, 110. 111, 100. 710.

8. 1, 1. 88
Lucem Τ. 11, 0
1111111111. 1, 000
lacem T. 1, 001. 000
laceri T. 11, 000

1101111 T. 111, 080. 11,117. 1, 8. 8, 111,

ffiffmffim
hwwcmcu
1111101111010, 11,100

· ΙωοῐοιΤη1...000000111,111

11111111,11,811.111,11.0. 8.11,1.00

111111111.” 11, 001. 1, 111, 078. 11,
’ 700800. 11,001. 8.11,0..100 1, heraclium?

000.1,.,18 1,11,000.070
ιωοηοτ.11,111,1111,111.181.11,

017. 1,·710.1,1,08
111118131111.1111111811.

80.11,,010. 111, 070

11111111,1.,111.8,1.,1.101
1111111111 111, 070. 111, 000
111111111, 111111
1⁸mest xri. 001
mmm,mw‚m.k‚m

11111110111,11,100
111118111111111111111, 111,

hcrymrmm T. 11, 110. 000

Ι111111111.1,000. 11, 010, 000000.
111, 11. 110. 100. 001, 010. 11, 001.
780. 1, 001. 001. 711. 111, 107. 001,
780. 1011001101. 11,18. 11,
100. 080. 111. 018. 001, 010. 077.
080. 8.11,0.11. 11,7.100. 1110010.
1111 ²21· ’,84611151 ⁴⁸· A· 11,

lacrymis T. 11, 070. 111, 00. 100. 107.
100 080 087. 000, 11,,18 1,.80
1000701100 111170. 111, 101.
100, 1111, 00. 111. 170.οΙ7. 710. 11,
71. 001. 1, 00, 080 710 11070.
000. 117. 010. 710. 111, 11. 108180,
000.8.1,..00711,.117.11,01.111,
0.,101,.1170.1,..000.07 8.11,

“ 10000000

lacrymor· 8.1, 0. 80
1111100111. 11, 101
111111. 1, 008. 11, 81. 11, 010. 11, 180.

,fflmnacrn

11111181,.,...0,0111Ιο011,007
111011.11,100.788.1,.01011,010
111111.11,001,11,01.81,1701,
1111131811μο01

111111.111,000.008.11,.008.008.700
1,000.1111,17170 11,010.100.
ωεῃωωμωηω
00.111,1.07.111,0.101
11111111.11,.080807
11011111.11,070
11101181μοοω
1111111118,11,0,70
masmim
1111111111001

11111111 T. 11, 101· 000, 801. 1111001. 1111111111. 111, 10

§.mm

1111111811, 1. 100

1111111111,11,.,.011110711,.001,111111017811101071100

000, 111010 ·
1111111111,Μο-
11181101110110011.

1001111010

Ι1ω11.11,770,111,109.1111. 111
1111111Τ. 11, 011

bonaur. 11, 800
1100111111,11,700.0,1,0.118

1111111111, 010
1.111111110708.111,1.01
lna-om. 171. 11000
11111111, ι1071, 8.111, 1. 171
1.·111.1,001.11,100.101,,70011,
717.1,007.11’1,.0701,8001100
0188111,.0,10 111,..000.00011,.1
1.11,0.,,00,1107

111110101111,11,718.11,880.11,000 Ῑι111111811,8.01

hcrymbssirr. 1, 007 701 8.11,Ι.
1001111110

unte-T. 1, 078
&murman 11101

 

