111 2ΤΔΤ12Μ.

Libycum T. 11, 867

Libycus S. i. 2. 148

Lib5e S. 111, 6. 82. 11, 2.188. 1, 1111

11 b.yenT 11, 727

Lib b.ynT 11, 824

11611211, 2. 27

111111Τ. 11, 819. 1111, 828. 626. 1, 712.
11272 2.1,1.1661,2..681,2.2

11116111Τ.111,821

1111211211, 2. 42

Licebit Τ.“ 111, 166

1111111121, 698

11111111Τ.1,196

1111111131111.1111168111.
111,2..168111,.664. Α.1,287

1111111111Τ.11, 626

Licere S. 1, 6. SA. 26

Ll'ceret S. iii, 2. 124. 1, 2. 24

Licin T. 1111, 882. S. 1, l. 127. A. i,

1111111 T. 11, 122

Liciro Τ. 1111, 86

11111111 Τ. 1, 686

1111111 S. 11, 2. 61

11111111 T. 1111, 68. 2.11, 6. 12

Licuit Τ. ii. 161. 1, 268

Lign'but T. 11, 824

113.1111211,2.62

11111111111111106111111

1131111Τ. 1, 662

1111111131 289

1131111211, 276

113112.11,1.262.1,1.164. Α.·1,676

11ςι1111111111,197

1111111Τ. 11,662.1,612

Liguras. 1, 1. 266

11111111..,111.1.11,1.111.111

118111121644

1111111161112.81111. 1,1.127

1111111111

1111111111. 2.111,2.86

LigunerL' 111, 689

Ligurum S. 11, 2. 22

11111111 T. rii. 248

11111 S. i. 2. 22. 111, 2.128

1111112. 11, 7. 26

11116118. 11, 176

LimboT. 11, 867. 646. A. r. 826

1111111Τ.1,96. 11, 698. 111,17. 1, 82.
11,..7227662.1,2.84..14211,7.
122.111,8.166.11,..86711,862.
1,2. 172

11111111111111.1111111,
472. 111, 241. 2.11, 8. 67

1111111111, 466. 11, 66. 248. 228. 111,

CXIV

mmmmmmmm

rmmuurumqnmun
177. 166. 228. 11, 4. 18. 111, 2. 166.
111,4.86.11,2.18.61. 11, 29. 12.
114641161641,.1..164.411,

LimirieTst r. 128. 486. 641. 666. 11, 26.
814. 868. 467. 111, 672. 11, 466 1,
266.11,426.11,64...666687.819
148. 426. 668 664. 662. 11, 282.
681 666. 111, 196. 668. 2.11,1. 28.
11,6.76.111,1.164.11,1.12.1,2.
86. 1,..272 Δ.1,...119171879Λ.
11, 22. 822

Ι.11111111Τ.11,896. 2.111,.19

1111111111, 186. 822. 826. ii. 61. 111,
662. 11,2. 418. 691. 776. 1, 286.
786. 11, 622. 111, 226. 747. 1111, 84.
826. 491. 11, 864. 1, 298. 611. 2. 11,
1. 176. 228 11,2.11.84. 111, 1. 18.
11, 8. 86. 169. 1,1. 186. 1, 2. 227

Limites S. 11, 8. 41

111111 Τ. 11, 761. 11, 411. 476. 2. i. 2.
127. i. 2. 168. 111, 8. 62

Limon S. 11, 2. 82. 111, Ι. 142

111112.111,8.44..’261 11,..629 A.i.

111111111111111111.111414.
11,766.1,662.2.11,..11421,8.
96. 1, 6. 68

Linguae T. rr, 612 11, 678. 1,671. 2.
11, 4.2

1111111111, 781

Linguis S. 11, 7. 12

Ῑ11112.1,6.62

LinqurtT. 11, 668

LinqueT. x. 664

1111116111Τ.1,2.111,767

11111111111111. 1, 61. 11,964. 11,
441. S. 1, 2. 62

LinquenternT'. rii. 648

Linquere T. 111, 24. 11, 692. 2.1,1.177

Linqueret S. iii. 2.162

h'nquir T. xi. 268. S. iii, 2. 188. A. 11,

111111121886. 11,224.689.1,88.
2.1,2167

111111112111, 882. 11, 67

1116111111Τ.111,624

11111116Τ.1,426. 2.1,1.181

1111111112· 11, 116. A.i ,461

1111111111, 264

111111Τ. 11, 64

Liq.uerntT 11, 816

IaiqnenriT' 11, 466

11111111131111. 11,766

68. 622. 669. 688. 11,422.1,69.27. Ι1611111121111·.1,276

. 111.11,11.111.1ιι,441111.166.
1111,66266. 226. 242. 11, 286 728.

1111111111, 678

1111111111111. 164

 

