111 8ΤΑΤ11111.

1111114111Τῦ 11, 484

1411111Τ.“ 11, 444. 441. 1, 444

4111111111. 1, 744

141141Τ. ι, 444

1411114118. 11, 4. 141

14144111, 11, 448, 111, 444. 111, 771

ιψω14411414

14141141, 11,,444. 11, 487

14144111.1111,198

14144141. 11447, 8111,4 8

111141411Τ.111,714.11,444

1414114111. 1,87, 11, 411 A.i ,444

44111111.11,111.11,141.Λ.ιι,

111141111Τ,11,7

1411111Τ,11,444. 1,441

1414114 Τ.141,444

141411414 T. viii, 487

Inmhffl T01‚⁴w

1111114111 11, 474

1411114411.1111,47 ,

1411111 T. 11, 811, S. 1, 4. 47

1411141114 A. 1, 414

1111141118. 4, 4, 44

1141111.1ι,11.4.11,1.14

lutrarum· ιι, 874

11111111Τ. 1, 444. 448. 111, 478, 11,
748.8..,14.1441·1,.1.4411,,484.·
11, 8. 44, A. 11448

1111111118. 1, 4. 44

1111111811,4,44

11111111 T. 111, 478. 1, 444, 8,111,4,

111111.1,414.11,141.1ι,111. 811

4. 4. 111,4,41, 111, 4.14. 1,4. 114.

, A. i, 181

141111111Τ.11,44

14111111Τῦ 1144411, 444, 84, 4.
141.111888118441,1144

intuemur. 111, 481

1441414481414

111111ρὶ4414. 4, 444

1441414111 11, 487

1411111.1,,444

114117. 111441

1111481111. 144

1144114111141 444

1111411111Τ. 1, 714

Intulit T. 1111741. 8,11,1.44.111, 4.
n. iv, 44

1114141111 Τ. 1, 414. 11, 474

1414411111 S. 1, 1. 118

1111141 Τ, 41, 444

11141111. 4, 487

1411441111. 11, 144

14111144 Τ. 14, 448. 111, 448. 414

14114411 Τ. 1, 478

1111111441 Τ. 1111, 481 ν

1411411414 ι, 114

11111411 7144111. A

1111111111 A. 11414

11111111 Τ, 111, 444. *,444

111111ἰ1Τ.1,477,8.1,1.444. 1, 4,
44. A. 1, 418

1111111111Τ.111,447

habits-Um

1411411411.11,444

1111411114141447, 11,484

1114111. 14, 444. 8. 1,1. 144

11111111Τ.1,144

1411111141 Τ. 111, 441

14144111 T. 11, 114

1111141111. 1, 474

1111111111 A. 1, m

1414411441 T. 111, 844

1414411 Τ. 1, 184. 111, 474, 1,447, 1,
444. 11148. 414. 11111141. 1,

1411414418,1,4.144

14114111,111,444

Invento Τ.11,144

111444141178

1111141111 T. 1, 744

1414111Τ.11,144

14111 Τ. 1111, 414, 111, m. A. 11, 444

11114111,111,44,8.41,1.144, A.l.

11111144 111, 484

14114118,11, 744. 11, 8. 41

1111141Τ.’1111,474. 11444. ι, 484. 8.
4,4. 4841, 4114. 14 444

1114441441 ·

1111144141Τ.1111,48. 8ιι 484

111114111Τ.111,477,111,484

Μωυωωῆωιψω

1111141118,1,4.147

111141111Τ, 11, 748

14111111.11,444,ι,,419 111474, 8.
11,4.4.1,1,144

1411411Τ,1,147,484, 8,4,1.144 11
min& 17,1,4.14.1,4,18.
4.·1, 148

1111111141,Τ,”, 11 14

1411411111.11,441.111,141,11,44,
ἰ14,,144,11,744..8111,4.44. 1,

141144111311, 474

11111411·1·.ιι,77. A. 11,444

11114411ᾗ41,481.11,1,144

1411141411414

Invigilmr. 1111, 444. 444

1411411441Τ,11,484

Ι41141111Τ. 41, 114

1114111111. 111, 11. 11,.11. 1,
744. A. ιι, 44

111111441Τ.11,184.111,444

1111144444

11111111Τῦ· ιι, 744

ΙΝ1Ι1Τ. 111, ω) h, κ ,

mma ’1

 

