111 11111111,

111117,1,113,1191.11,141,1111111.
622,11,142,1,202.318.111130,
687.11,243,1,6.22 111, 24. 327.
111.ιε1,119.111,1,11,1.11.1ι
488. 613

1111111150, 60

1111111161Τ,1,377. 11,]01.1,812
11, 70. 111, 673. 8.111, 3. 73. 11,.4
63. 8.· 1, 237. 600

111111ηά111· 11,166.’ 11, 221. 11, 836.
1, 82

Μ11.11111Τ· 1, 378 11, 763. 1111, 401.
11,]18,1,,803 8.111, 3. 70

1191111111Τ,11,176. 8.1,4. 113

1111111111, 241

Μ111117.·11,264. 11,301,111,232.11,
727. 8,11,2. 123, Δ,1,140

MetuoS'' 111, 3.3

11111111, 127. 300. 30211, 336, 338.
111, 311. 322. 713. 713, 11, 342. 378.

cxxxv&

Μ111111ιωΤν,3081111,83.11,276.
111, 733

1111111111Τ.·11, 777. 81 2. 131

1111111117ϋ11,141,·1.,91111,113

1111111111Τ.11,43811,623.8,1,,0
61. 1, 3. 82. A} ,133

1111111811, 4. 81. A. 1,430

111111111Τ,11,600

14111117.1,..188410 11823. 11176.
1111,03.1,203.11,233,111444. S.
11,1.183.,.,ν31741.1,140..263
11, 32

11111111Ἱὶ· 111, 813

1111111111Τ.· 1, 100, 348, 11, 420. 327.
,119.111,111,118111,193.119,

11188838114447113218
1

1111111111Τ,· 11, 876 ι

1111111111, 20. 11, 98. 8381111, 300,
423. 111, 434. 8.11,.,2.113· 11, 3. 76

662.1,621,11,08,303.000. vii, 1111111111Τ,111,307.·11,288,1,133,
111,330,111,331, 8.11,,22,11,7.
301122411122411338
1111111111, 186,· 111, 632. 8,· 1, 6, 26
1111111Τ,1,460,1,423.1ν’,114,331,
1,,230 11, 310. 111, 31. 11, 03. 471.

40. 110. 612. 1111, 32. 78. 11, 02.
130. 160. 383. 803. 1, 34. 722. 7,37
11,.260111,11..6068,1,.226.1,,4
63.11,1,183.1,.166.1,3.38.103.
1, 3. 218. A. 1,]33

1111111118,·1,4. 128

11111111· 11, 134

1119111111Τ 11,701, 8.11, 6, 44

1111111111Τῦ· 11, 380· 11, 674

1111117511, 170. 263

Μ1191Τ.· 11, 300

111911191.1,024

11111118,1,3.163. 11,2. 121

MideT. vii, 331

1111111111, 43

Mig 1111117, 11, 730

Μίςη11111111Τ,11,112

1111111181, 3, 80

Migru grss'entS 111, l. 77

MilesT. 111, 123. 370, viii, 131. 633, 1,

11111111181, 1. 230

1111111181, 4, 23

111111111117111, 671. 1, 871
1111111111ῒῇ 11, 323. 8.1,.1 36
1111111111Τ. 111, 732, 1111, 400. ι,704
1111111111.,1,1,11
1111111111Τ.·1,313. 811111, *,1. 30
1111111111Τ,11,208. 8.,,1180
1111111111 S. 1, 4. 3. 111, 3. 03

1111111101 S.'1,⁴ 6. 34

111111111810, l. 86, 111, 4. 17
Μ1111111111Τ 11, 600

1111111111ιΤ.·· 111, 438

Μ11111111Τ. 1, 303

330.11,28.111,.431610.8,11,.320 11111917,111,187.8.1,.2228

Milite'r. 11, 300

11111111 Τ. 11, 108

Μ111111 S. 1, 2. 66

111Ιί111181,2.8

1111111111 11, 600

11111173· 11, 223. 111, 378 et 11

1111101111118111811.1111411

1111111171, 073. 111,734, 111, 138.
11111111

1111111118.“ 11, 1. 176

18111111ο11111.11,660

Μ1111111111Τ,· 11, 200

1111111118.1,2.116

11101111· 11, 204

1111111131,4. 1111, 3611,136. 11,313.

111, 304 687, 737. 8.11, 2, 148, 11,

51191011, et 711. Clas.

111..11.1,191

Minor T. 1,104. 111, 676. 11, 430. 307.
v, 383, 11, 117, 311, 407. 830. 838.
vim. 180. 331. 726, 1111368. 11,
308.111,307728 8111111.
11191161, 1...111 fi‚o..e
33. 111, 2. 70. 111, 3, 108, 111, 3. 30.
11,2.31.1,.3272.Δ,1,426.423

11111ο111117,1,2.11,377. 1111119311,
438. 782, 11, 006

111113111Τ.1,107, v, 428. 11, 31. 412.
1, ml. 81141137. 316136. 17,3.
37,1,,13 33. 11,,.,,4001173. A.
1,00

11119117. 11816843, 1,186. 8.11,

1011111111· 11, 013.· 11, 133

1111111, S

 

