lxxxiv 11111

8114111111 A. 1, 418 81114411,111,818. 11418. 8113,
81141414111Τ. 11, 418. 111, 488 48
8144114141.11,141 81114114 Τ. 1, 144, 111. 11118884,
8111414144· Τ. 1111, 418 1,188. 111, 144. 11, 144. 8, 11,8,
formidando T. 1, 141 181. 1, 1. 188
8141141141111.111,484 8111441118 1, 488
8111414111Τ.111,188.111,888. 81,8.881114414111. 11, 84
144 8114481,1,8.48.11,4.41,1,8.
8114141444. Ι, 1 141. 188
811141414Τ.11,144 8111181,8, 144
81141414811,4,8 8111111,1,481.8.11,,848.,811,484
8114141418111, 848. 11, 184 111111Τ.111,448.141,.111,884, 8111,
11111141111111.”Ι 11, 88 8. 88
8114141411. 1111,188, 8111, 1. 88 811111811, 418. 811114
811414111118. 1, 8. 184 811181, 8. 814
8114141411.11,848.111,848.11,,488 81114118,,.18888
1, 48. 888. 11, 884. 481. 1111, 888 81118118.11,1,181.1,1.41
8111111411, 1, 444 8111118111848
81141ιί11 S. 111, 4.84 8111481111. 18
81111118. 111, 1. 188 111111 Τ. 111, 418
8141111481, 8. 44 8111141111.1,144
8111831,4.41,111,4.,81118141181111Τ1111488 811,.4 84. 111, 8.
4.48,“ 11, 8. 14 144.1,1,848
81111,1,881,.44111,.84111,.841 1, 811111.11,,1181,.1118 .
118,111,884.484. 1111114114, 111111,1,111,1,1,11

· 114818111148114418 8111148141

48. “ 811111Τ,11,418.441.184.11,,8 1,
811114Τ,1,888.11,884, 811, 8. 18. 48811, 118. 1111, 811. 11, 88, 444.
11,4.8 81,.8188,Δ.11,888
811111Τ.11,11.11,148.1111,818. 11, 1141111,111,11,11.41,111
1811114111111111181,1144484411
8...18141,188,11,841 81111111.11,118.811,4,18
1ο111.η,111.1.ι1,1.11 8111111, 1, 884. 1, 488. A. 1,114
141. T. ix, 111. ..,111. 11111. v, 1414111111. 11111111. 111111,
8111. Am? ’11,848. 888. ximo
8111111111 T. iv. 141. 8. 111, l. 188. ,4,11, Fracto T. 11, 148. 484. 448
118 8111111141. 1, 84
81111111,1,88.11,841.11148811, 81111111.11,814.1,881
848.1,.444 11114841,844.11, 8111411411,484.1,.888 11,884, 1,
441. 111418 8.11,4.41.11,1,48. 888
111, 4,18. 1, 8. 148. A. 1, 418. 11, 81411811, 414, 111, 411. 484. 444. 11,
188 844.1,14ὓηί,...884848484 ῑὶ,
811411,11,888.811.484, 81118, 4811411818.1111,888.11,188,848.
184.11,1.8. 1,8118 111,111.1,.111111.11,411..411
8111111141Τ11811811484 418.,81,1.418,.,88148111,8.
1411144411. 18 , 88.111,4.88,11,4,48
fortiter T. 1111, 448. S. 1, 1. 118 81441418, 1, 8. 188
Tertius T. 1111, 88. 148, 8, iii. 4. 48 8111111811, 2. 144. iii. 8, 48, 11, 4.
81111111Τ.111,448 41, 1,1. 84
81111411,1,184.448.414.11181488. 1141111811, 1. 41
448.488.111,41.144.11,1481,88. 8144114.“ 1, 881, 484
444.11,414.481.144.881.111188. 81114111Τ.11,811.1,844.8.1,,8144
441,444,.44Ι 1,.,18448111448 8111411118,11’,.’141
444 448 11184. 88181. 888488, 8111411111.1,81
484. 441, 8.1,,.4.488 1,.444. 11, 8111111111.111,48
1181148444811111111188141114181
14. &HANG-mm. 11,444. 81441311· 8.,.1188

11141181441,8.11,1,8,,41 81114111,1,188,11811 11148811,
111,1,..444411,44 844,.81,1.44

 

