111 sunum. .

7111117.“1,171,177.171171,717, 117011,11,42
711,414.1,44.11,471.411.447,177718,1,1.84
8,111,4.41.7,2.144.172,7,4,1111111111.148,11,4.,42 1,1,128
174,4,·1,8411,284 17Τι,1474121117 24 244111

1111111217, 714 444. 17, 44.114. 7, 444, volni

111171111Η41811μ4421ῌ48. 244.444,711,444,442.,474711”’1,
444 44. 444, 474. 481, 11, 42, m. 442.

111141117Τ. 71241. 11, 447, 8,12 442.1,47,11,417,111,128.8,1,1,
44,44,11,..2411, 4, 24,11,4, 42.

1774477171. 7, 721 Α,11, 14

1111β17Τ,11,244 111117.1,77.111,874, 8111, 7. 44.

1171171.,.,.,71114441124411444 111,,4141.Δ,1,14

1111111111,1,448 1711117811, 4, 78

1171111171,111,424.71,27.7,241.1711141118.1,2.277
274, 11, 144 1711718117, 44

InnupmAT. 71, 44 1711187, ¹: 224

171111ρί7111, 442. 1, 814 lulum· 7111411

Ῑ1111111117Τ,111,244 1711118,11,4, 44

1111111111,111,442 1717,ἰ1,447,111,1.4711,44204.

1111ρί1171,111,474. 71214 71, 428, 844, 711, 288, 447, 47211,

17111ρί71,17,212. 71, 1111711771.11.17,ι.77,711,111.71.771
1,.44487μ4284 474111,448.8141414211

Ι718.111,2.141 2144,111,4..14111,4,.144.,7

11111111,17,.28471,148.111,..4848 4284
12224 17111,1141,224,,244444,,48411,

1111171178. 7, 4.8 28. 441, 277, 447, 742, 111, 124.

1711271471. 7, 444 ffl- 424. 17, 484, 7, 284. 444. 441.

17111117. 11,441. 714, 42211, 474. 4714711144, 147, 241, 488, 7111,
11, 444 44.144.144.174.11,444.444.1,

1111141111, 7111, 444. 442 182, 248, 284, 484. 842. 11, 127.

11117117Τ, 711, 427 712,444,111,144,144,222, 477,

Ῑ717177711.17,414.11,174. 711444 448.814,8.1,1.24.1.2.444.111,

11111111411144 1.144111,.242.128.111,,442,11,

1111111411.’ 11, 214 . 4,21.72, 48.17,7, 42.7,1.244,

1111111111Τ,1,472,,11447,7“11,.124 7,,247.,,4141,22
7111, 427 17711117. 1, 447

1111111111,1,44,111,442.11,244 17111171. 7, 4441117711, 41, 484

11171171,711,844.11,224.4171Ι71111οΤ,1,22,11,444
27 Ι71711717831,2. 144

1111111111,Ι 11, 444 17117118, 111, 4, 44

1117Τ.111,244.744.71,,,444817,4, 11ω11..,117.177..1.111,111,
81 444144281174241448

Ῑ7777Τ. 7111, 414 11, 142

17717Τ,11,482,71,484.111,424.8. 71711117.71,717,1171,,777,1,,117.
111, 4, 44 1,4,84,11,4,24.111,2,144

117118, 7,2. 177 17111118. 7, 2, 44

Ῑ7711111111.1,447 17411817, 2, 42

1111111117. 71, 447 17117111 A. 1, 448

Isthmi-ei· 8, 11, 248 14111114. 11, 44

7141111117. 11, 441, 711, 171 17111414,Ι 11, 144

Ῑι71711127078.11,1.174 11111111.1,111.1ι,111.771

1141111811,7.2 11111111.11,71,11,111

1111117117, 711, 14 7411111741714

11111110711, 124, 1118211, 44. 71, 1111111111, 721. 11, 772
’14,8,111,1,142.11,7,44 1711Τ, 14, 2241, 4, 48

11718, 111, 4. 24 Itum A. 11, 242

11711 T. 111, 714. 8,11,1.228.11, 2. 171111Τ,11,22
1111111111 · · 111117. 1.,111

11711 Τ.17,747, 8.·111,4,4 111117111111

 

