111 111111111111110

101111811μο2 18,02.700 8,11,.2 81110111811800
118100 111111181018
1111101180,Μο 0111111181127, 8111800
81111181,117.111,010.· 11, 28. 1, 807. 8111111118· ιι, 070
000. 111, 020. 1111, 200.·11, 102. 880. 8111111181111120
870. 8111, 880, 111011. 002 01111111,1,111,0,0,1,11
1111111181, 2. 10.·1118. 170 ’,111111Τ 110. 711 11001. 111, 170,
1011111181108111800 000. 11, 288, 078. 788. 1, 220. 000.
Μ111111Τ,11,207 001. 11, 00. 000. 111, 180. 080. 011.
81111111 A. 11, 802 008. 1111, 080. 000. 080. 11, 117. 800.
01111118 11, 800. 111, 270. 1, 00. 1,00. 071. 002. 780. 8⁰⁰. 810. 1,800. 700.
⁸9⁸· XTi, ¹2⁷· ²⁷⁷· m· ⁸⁶7· ⁶⁸⁴· XT, 0781 8191 ³27· uo· 30610901 ⁴⁶¹0
008. 000. 81808218. 1. 0. 81. 111, 881. 080. 812. 00. 00. 101. 11,
111, 8102. 1,1.171.100.288. A. 8178,111,0.02.111,0.00.1,1.“80.
11111 A. i, 111. 111. 111. 1111111111,
Μ111111Τ.1,187.111,208. 811, 7. 128. 000. 11, 820008
111,0.00.1,1.00 81111111οΤ, 11, 700
1111111811, 200. 111, 282 700 11, 210. 8111111118 11, 0001, 018
1,,”,,122107111,080. 8112180. 111111πί811,8.,10.1,1,22
270. 111, 170170 11008 71 011111111811820, 81118·180.11,
170. 221. 208. 1, 8. 70 828
811111111Τ,1,880 111880, 812, 8111111118.111,.8182,11,0.70..1,1,
800. 1,1. 100. 1, 8.08. A. 1208 02. 11180
’1011111118 1, 2. 201 8111111118 111107. 11, 082. x, 002.
0111111181, 1. 280 A. ι, 108
1111111181, 8. 8011, 0. 20 1011111111.·1,111
Μ110111118,·11,8. 00 Μ111111η8,1,1.20
8011111181, 2. 100. 11, 2. 88 11111118 1, 00. 7211, 20011, 720 x,
Μ11111111Τ,11,208 000. ιι, 887. 111808. 81, 2, 278.
0111111118.11,0.00 11,1.111,180,111,2.80 1110. 88.
8111ουί81808 ’ A. 1207. 088 ·
81111111118.11,7.70 81111111181,108.721,11,800,111,
111111οηί1811,0.20 212. 000. 000. 000. 11, 008. 080.
10111111118111, 172 810. 1,000808. 111011. 812.
Μυω11111811,0. 80 108. 1, 8. 201. Α.1,.188 200. 11,
811118 111, 88. 280, 11, 72. 000. 11, 202
80Ηο1081,..00211.1,020 8111111Τ.1,,.02000011,80100..287
Μ111118.1,.020 080.111,08120.100.8771117
10111181, 178. 11,080.000.111,080.172.111,200.008.11,080.1,00.
1111, 71.1,108, 11207. 811, 81. 11, 20. 188. 010. 088. 01008700.
81001 70081211οω,07712120
Μ1111118·11,022.111,172. 111717. 1,0.18.Δ.1,000,11,120
8.,11.18,1,.2108.1,2..1171,8. 811111Τ.111,102.1,1,082 11,.180100.
11 108.111,021.1111,087.1,702.1,2.

’ 111111,1,,111.1.111,111,,111 111, 11,.1.1,111.111·.111.11’1

080, 81118122 11.111..1.·..,111..1,111,111.11,
1111111131111111111. 1,100.11, 2.·77.11,1.·82

8. 220. 111000. 11827. 1107. 8. 811111181οθ. 001. 700. 111, 100, 11,

1220010071027011270 8817οΜ207888108011,800,
1111111817. 11, 072. 000. 11, 200. 111080. 111101211880. 872. 880.

821. 1, 010. 11, 001. 080. 1111, 282. 080.787.1,77.000.11,12.108.

788.1,008.11,000.111,088 802. 111, 800. 812, 100, 11, 1. 07,
1011111118.ομ700 711011810120701
1111111111 T. 11, 077. x. 01800811, 812· 11, 100. 800

089. A. 11200 8111111118·ι,220,11,188.111,171.11,
1011118018100. 11,0.00 008. 1, 000. 8111. 881888, A.
1011111,11,111110
1111111111, 007 81111118 11, 177. 1,00. 8111, 8. 107.
1111111131, 088 81202

 

