1811

1111111οΤ.11,474
1111111Τ. 11, 140. 1818, m. 487
1111111141,44.11,,.,744.18848.81
11118111Τ. 11, 441
nummum
mmor-ir, 88
1111111181,4.444.4.1,8
1111181111.1,447. 8.·111,1.Μ
11111411Τ.11,.407 11474. 8.8,..487
Η1,4· 44.Α4.18,ὧ1;4

11111111
1181188111, 1. 47
11841111Τ. 11, 484
1181111.1,111.11,11
1184811118.11,784
1184818114· 11, 480
11888181Τ. 11, 004
1181111181,1.414
1184188. 1,4. 17
1181111Τ. 1, 414. ali. 7. 08
11811111Τ.111,88.11,448
1181118111, 444
1188111111.811,111

188181181111111. 11118.

A. 8844
1188101141· 447
118811811183111, l. 80
118811111Τ, 11, 414
1188111181, 1.14

mm

1181111481.11,Μ.·“1ι8,44
118148811111141Η811μο88
1181111Τ.,.1,484.1404 118,47414.1,

11811811.888,400. 11 ,787..1400 18,
10411147117441,0088.88,1.
144.18,..4014.1,117 ·

1181811Τ.81,800.111,800.11,08.4.11,

11414818 Τ. 18, 480444. 1,404

118181181 Τ. 1, 104. 18, 444

uenale-T. 81, 447. 111104. 1, 77.

118888181111. 11, 448. 111, 401

1181811818.1,8.44

affut· Tamtu· {Quin Β·

1181811881 T. 1111, 04. xiim. 8. 8,4.

’ 40. 18,1. 144

1181811181 8. 11, 4. 144

1188181811.. 147. 18, 444. 844. 1111,
481. 1, 444

1181811111 Τ. 11,844. 1, 444. 188, 404

11811 T. 11, 474

1181118 Τ. 188, 47. S. v, 1. 144

11811181 Τ. 181, 884

1181111 A. 8, 444

11811111 T. 11, 480. 8. 888, 4. 41

1111811118. 18,7.44. 11,.444. 4.1,474. nummus-idm

11, 400
1111818114. 8 8
118811181411, 444
neem. 1, 88
1188188811ιῖ, 1. 144
111818111881118111. 8811
11848114. ι, 810
11188181.1’1,111.811.11
11848111 S. 1, 4. 40
. 11841181Ι Τ. 111, 804. 11111111.
118181141,1111.1.1,181
11818188. 11,8. 08
1181114118. 1, 8. 84
HeTioeonuT. 1111, 488
1181188118.·· 11, 0. 48
118Ιί8111 8.1,8. 1
1181181118 8. 8, 4. 4. 11, 0. 14 ·
8181881111 T. vii, 084. 481. 11, 4. 44. 1,
11811811148Τ. 118, 744. 8,11, 400. 1,

11818811111Τ. 1111, 440
1181111811Τ.1,007
1181184· 1, u

1181181811, 4. 87
11818111Τ. 181, 788
118111 Τ.11,181

11811118.1,4.107

118118818.11,8.48

118111.ι,181.1.1,1.111 111

11811114.1,118. 81, 80

1181181411,80

1181114118. nima

1181184818.1,1. 444

11811118· 11, 7..4 1,4. 00

118111Τῦ 1, 474. 474. 88, 148407. 474.
111,444.441.111071,.44118,444.
1811111111. ’.1111111111
682¹ 11, 184. 048. 111488. 4.8,400.
448. 441. 1844. 418. 448

1181111111.1,41.181, 484.“1, 474. 8.,1

11818811. 181, 747· 11, 404

Η811118. 81, 18140

11811118.8ἰ,1.74. 18,..44441

1181118118Τ. 1, 1

1181· 8181, 8. 40 ,

1181111411οΤ. 11,481. 8.811,1. 140

1181181181ῧηί, 407

1181181881.111,448

Ηαραωτ. 11, 181. sii, 111

11811811111181. 811, 4..4 81, 414

1118111· 11,470.1,408. 1401. 811,

111111811.·11,874.111,448.8.111,0.84

 

