1410 nou 44444444 444·

444144 mentham· 4411144414 At· 14444444444444114114444441114ι
441144144,4144444441141. 11414441. 441444 4441444444411444441441441,

(144144 141 14414444441444444444 444444 1414444144, 4444 44444144 ,

Eteoclis 11114 4444414444, qul longe 14441 4441444 444144 4441444444, 44
1444411144 ‘nerum 44444ι’ 4144411, 444144 ’11414141414441144444414444
quam Argia socerum. 1441414114 4444441441. Vide 4144141444 141114 41
411444 44114 4444444 441, 44441114 44· 411141 14444444 'flumin-Bm.

4444. 444 1414414444441444 omnium 441 Reum neu 414441] Hm
4444 14444 4441144441 tum, 4141144, 441 4414441414,44444 eun ’144444

44 4414411441. 4444 4444444441] 444414114444444444 41444144 44144
’144114 44444 44114144, qum 444 red· 114444444144444444 441441. Penni·
441 1444441444, in 4144 441 441144414, 44444444 4444444114 4444 41 44114444,
444 4144 4114444 444414 4441144144 444. 4144414 4144441444 44114444 44444444·
14144 444444 eum wmmeudationin 44114 444414 414441 4444444444 vin
44144444 4141144144 44444444 44 44114 44444 414414444444411. &k 114444
4141, 4444444444 4414 civibus 444414. Ν 14444414414414441144444144-
Luem. 1444 1441441414 4441144414 4411, 44 114
444 Rem 14444] 14 444, 1444414 4411444144 44441, 144141444444444-
44441414144114 4444444441 1444441444 441444 444141. 1441441.
4444444444 44111444 4114441444 1444 4414441144] 14414 41 44111444
querelam 444411 1444411, 44444 444· 4114441444 4444141444 44 ’1144144444
144 4444444. 1441441144. Rem· 4414444444 444444 4141144 4444 du·
44444] ΑΙ) 444 inprobo probissimum 1444. 14444. “
41414444. 441 41444 4444 4444441441 441· 1114444414 441444] 0441444144
nomana· 1444444144, 4444 Tacitum 441 14114144 44444 411 44441 4444414414
11141. 44. ’1114141444 inquam, ‘ut 1414, qnam 144444 44444411. Iden.
1444444441411411411,44414 444 44144 444 Quaen 01144444] 11441444
414 usurum! 0414 ergo, 444 44444 444444444441141444141411144. 444
4414441144 14444444 144444 4444 41 4141144414444444444 411444 441441
4141444441 abnuunt 41114 1414444444 4141 441444 44444444414 44111444
1114,441114444.44.41 4444444444 441 ojus 4441441444 44 4441444414-
mmmm 44χ41 4441444441 m 141144 44441444144. Vatum.
4411414, 441 unarmed& 41444444. 4414444414414414114Π441414444·
44441444 41 4141444144414444414441444 guinem 444414. 1144 4411144 clu·
4114114441, 41 44 444 44444444 1444411444. 4114 ι41444141444144444444144411114-
041 verius? Non ego 44 41444111. 4144444444) 114411.
1444444444 1414444444 444441441444 444 44444444441114414414114.
4411444. si 4444114444 1444444414 14414441444114144444444,1141441444
1114414 4441441144 414444 1144444 11141141 111144 4444 4444144. 4441441.
qundoquidem Livio 411444 444144 444 Nu 4441444444444] 84144441,
‘Libertatis ungu· 44414414 441, 41 144414 44444 44444144 z' 41 144444.
444441444414 41414444 4444 444 41. ’44444 4444411 044414 441, qni jum
4441114441. negat: 14444.

· 444 omma 441444 14444444] 4411141444441144444]8444444Η44
14 441, 144 1141 ogo 44 4444114144 4444 444444441444144141, 4444441444
1444444, 41 14444144414 4444144 im· 1411444144. um
4441444,441144 44414 441 44444 444- 441 1144141 11141444. Vindex] 1444.
4114444444 4444444144 44144 444411414 111444. 1144144 44444 411144 14144.
4444 441141 4444444141. 1441441. 4444444 1144141. <Emi-dade&

41441 44444 44144] Non 44 4114114 mm 111444 441 4141444414. ovid.

 

