11 1110111

001111161121, 2. 6 · 001111 2.·· 111, 2. 266
0011611Τ3111.226. 11,2. A. 11, 268 001111111Τ.111,126
001 01121110 111,166 · . 0011110 1111, 267
0011111101, 267. 11662 001110 111, 77. 2.· 1,1. 166
00111οΤ.’ ιι, 866 . 0011111Τ.1,·262·
00110 1111111 001001611011, 722
001110 1111, 726.1, 676. 2.· 1, 226 00101111011,6·66. 661. 11, 611. 2.· 11,
0011·“111Λ.ι, 212. 11, 262 · 1. 121
’ 0011111011, 667. 21266 · 0011611011, 266. 2111, 2. 6
0111111110 1111, 626. 2.· 1, 266 0011611011, 276
001511οΤ 1, 11. 162· 11, 627. 8.11,2. 0011111οΤ ’1.11, 687
22. 1, 2 6·2.2.127,2. 11, 262 0011011012. 1, 2. 266
0011111110 1, 676 011011010111, 262
0011111 Τ.’ 1, 266 colenti S. ii, 2. 52
00111111 T. 11, 6. 11, 162. A. 1, 62 colerere T. 11, 617
00101101 T. 11,216 00101118.111,1.2
0011111110 Τ. 11,262 colet T. 1, 666
0011111 T. 11,216. 11,27. Siii, 2. 112. 00110 11, 667. S. 1, 2. 26
1, 2. 226. A. ii. 226 0.11.1.11,1.81.1,1.11
0011111012.11,2.126 00111211, 7. 126. 11, 6. 2
0011001112. 1,2. 72 0011111211, 2162 · ·
0011011108.1,2. 66 0111111211, 7. 22
0011011112. 1, 6. 66 0111101116. 11,26. 2126226117.
0011010111Τ.ἰ,676 11, 161. 111,278 11,111.11,111.1,110.611.101.
7621, 668. S. 11, 622 11, 126. 226212. 282726. 866. 261.
0011011110 1111,126. 621 876. 666. 111, 262. 626. 11, 222. 266.
0011011110ιο 111, 676 ’ 662. 622. 627. 721. 221. 10166. 268.
01111. v 111 - 110111. .1,111010111111-111. -
0010010111, 682. 11, 166. 111, 126 21, 1. 22. 28. 72. 1,2.116. 11,1.66.
0011011012· 11, 2162 - 11,.2 121. 2.·1, 6. 286. 226. 622. A.
001161121211, 228 11, 276. 262
0011101110 11, 816 00111611111131, 166 ·
(011161111011,222 0011111110, 1 222. 11, 622
00016112· 1, 226 0011111110 1111, 271
0011101110 1,262 0011111Τ.11,262.11,88 “
0011011οΠ 11, 622. 626. 111,621. 11,76. 0011110 2.111,2.122 “
11, 22. 262. 666. 111, 166. 286. 1111, 00111111 Τ. 11, 266
266. 11, 272. 627. 672. 1, 8. 112. 00611021, 1. 42
276. 786. 111, 66. Si, 2. 226. 111, 1. 0011111110 11, 772
27. 1, 2. 61. A.'· 11, 167 0011111110 111, 722
0011011111ιο 11, 222· 0011116111011, 626
0011011110 1, 21. 111, 126. 661. 627. 001110211110 11, 266
1111, 262. ix, 161. 1166. x, 266. 11, 001110· 111, 676. 111, 262. 221. 11, 866
126. 221268. 111,1167. 21, 2. 6. 0011110011, 86. Sim .22 ’
111,2.166.11,2.61.1,2168.21.0011011οΤ.11·,080Δ
282 0011001010 1, 666. 11, 662
0011111111.οσ 001111112.11,·2. 16. 11,2. 86. A. 1,
0020166110 111, 182. 686 616
0111101111Τ.1,672.2.11,7.6 0011010· 1, 226 11, 26. 266. 111, 262.
0011111110 1, 682. 11, 776 672.111,672.11,686.11122122.
001011Τ.11,·626.ι,.22 111,1.111.8.,111.1.11,.111 ·
111,1.118 00111611011726. 1,266. 11,266. x,
001011111ιο 111, 26. 811111 686. 2112162. ii. 7. 2. 111061.
00111110 1, 7112 “ 11, 2. 66. 1, 2. 168. 21, 26
00111112.111,1. 86. A. 11, 262 0011111110 11, 226·
001110 111, 821 0011160110 11, 661
coirent A. ,1,181 0011111101111,272.11,626.111,178.766
00110 1111,111.1,101.Α.1,118 0011110111, 17211, 122. 11876. 111,
0011οΤ.1,766 · ¹ 1122 0...·21211,1.8.1,2.168

 

