11 17117177. 010711

MT. 71001 000. 8111110171 0111010..
1101117οΤ.111,008.17,0 80100. 17,0,117. 7,1.207. 000.
1178170111 Τ. 71010 A. i. 070. 810
117111777Τ, 11, 000 8771οΤ. 11, 208. 710. 7111180, 17,007.
1111071Τ.17,008.71,001.711201701. 008.8.1,1.0.1,0,1 1020017,
7111, 000. 17, 00. 01. 7,.078 000070. 000. 7,,0 100108
711, 00 8707070108. 7, 188. 711, 001

8700011108. 11700. 81110108. ,

011000
8, 87770111·’1“.ι,001,17,001000. 1000.
71, 120101. 711, 710. 17, 000. 71,
8717107,1.011.7,0,02 . 202. 711002. 81111. 100. 17, 0.
8117118.17,7.17.17,7.1 10. 7,1.187, 7,0. 180
8707707 8. 11, 088 8171017 Τ, 1, 080. 008. 11080. 111, 802.
87111078,7,1.100 7, 000707, 7, 801. 71. 000, 8. 111.
87777Τ.111,002. 0000008. x. 707. 8..82 1.0.17.120,1.0,00.112.
711,080,8,,.18,17 00. 117110. 7, 100· 711, 0. 100, 17, 1, 17 07
0177. 7, 0.12 80..1.·ι,17.71,11,771,717.10 021.
8707111070· 11, 01. 700. 111, 007. 810. 007. 080. 17, 111. 7, 88. 220. 71,
007. 17, 10. 080. 000. 070. 020. 71, 018. 027. 711, 100. 100. 270. 7111, 28.
200. 711, 008. 000. 7111, 207. m. 000. 7, 111.000.071.017.01117117.
078. 1208000. 810100. 117. 888. 71, 287. 208. 000. 711000000.
77 111110 11077 ., 170. ., 81700. 11111. 111. 710711.
. ⁸0 ⁵80 Δ. i·m ⁵1¹⁶! 810 ⁸⁸· ii. τ. ω. fii, ²· ,Ι ,,1.
801071·Ᾱ,007.000.078. 111200001. 7117101001
1., 1110717111. ., 01. .1, 07. 717 7... T. 1, 17. 717. 0711. 11. 11110.
010.711.18.178.000.7111,.000 7, 100. 117 82 17,0100. A. 1,·
008 0101100807 718οΗ00000. 000
8.,1210. 111,..11111,.0180.210. 87777οΤ.,..77080 7,001
1108011..Βο 7,0.200.Α.1,80777Τ.7111,080.17,,.0007087.000.
087.010.000.080.001.11,108.200. P· 8.1,0.01. 7,2. 00. 7,0. 00.
077 1,102
mmmmm„ 8777111180. 111,.800 7,.702 711,
87177Τ. 711101. 8117μο 10. 17,0.0. 088. 010. 17, 000110. 7, 802. 71,
Mimo 202.000.000.070..0008.11,8.1
87777010711080 · 8771Τ. 7, 100. 012. 71880. 711, 700.
8701717101100 ’ 7111700 17010 708 881 71008.
8771717Τ. 711008 711, 8. 01. 0110. 702. 800, 811, 002.
81110117.111,710.8,.,7.710 111,0.07.170,111,0.00.17,0107
877777 T. 1800. 71702. 711700. 17, 87771117Τ.1.187.027, 0020. 7111600.
000, 0172. 81110180 011170
flur-maiam 877177Τ.1,018.· 77 010 11800770.
71010101,ωο 011. 00 1711110. 11001077. 711, 771.
8771717οΤ. 7, 000 8111201208
8771711Τ. 7, 000 1117111110.11101010117111,
mmmm. 811020 170. 77 881 7717. 71, 002000.
870111078.7,,1111 081.8,11,..220 111,.0100. Ai,
8777771817,7,7 18011170
8777711078. 7, 08 8777177711· 17, 820. 17, 008
81017.1,711.11,717..,111. 000. 8771771107Τ. 71, 000
7111.200.17,708.8.1,.210.1111, 8771171077,17,070
80.7,1.100.0.1,100 87711Τ.711,107. 17,080. 1000008.
mur '9 m 8677 8717147121
8101001117.1.,777 . 877117 Τ. 17, 000
8781ομ701 80 87171111 Τ. 7, 201. 17. 709. 7, 78. sii,
8777117717 8.7,0. 107 082
stetim· 011080 877οΤ,1,.80011,080,111700. 17,
8701· ,11770771 1., 117111. 101 110. .1, 710. .1, 111. 071, .111. 770

800.,000.7200,711,077. 110007, 11100087, 7..000 7702011018

 

