TN S'T'ATTUTT.

· 8Μ88484888.1ψη8.ω

8. 184 41181118. 11,.4 88
4110181488.11,18.1,48.84..448 4111.111111Τ11878
11, 818. 888. 111888. 1111, 888. 1, 4111811141878
88. 888. 11, 747. Ι,111,848 ai. 4. 8. 41111111Τ.11,888. 8.1,.488
1, 8. 8. 11, 8. 87.111,8.188.11,8.78, .111.1.ι,111.111.11,111.111, 188.
1,..,.,81881874.4187,.888 88748811888847141174.
411 pesdemT 11, 888.488.11,188 1118.411.481.1ί,19.111.111, 78.
411μ111117411418. 11, 441.1,888.1111,188.888. 11, 1111118111. 1,
11, 888. 888 488887. 11, 188881. 887. 741. 111,
411111114811, 1. 188.“ 11, 8. 4 444818. S. 1.8.17.144. 1,411.
AliquodT. 111, 488 48, 11,1.111.111,1.911.111,1.81. 11,
41111111.1,111.11,111.11,1111.111.14.1,1.111.111.4111111111
888. 8,1, 4. 14. A.' 11, 887 488.11,8.18.188
4111Τ.1, 81. 484. 848. 11, 417. 111, 471. 411118. 1, 1. 184
814.1,.888 1,.148488877 1111111111111111
1111111111 4111111Τ. 11,418.1,81. 1111, 488. 1,
1111111119.111,141.8.1ὶ,1.11.’11,1811111116. 11, 888. 1111881116.
4.81 1,4.188 811, 7.17. 111, 1. 1111118114. 111,
41111Τ.11,1198. 111,.41811ΝἈ7418. 4841188
1111888 , 11111111111811111.11111.11111,
411111111Τ,111,444.488.1,.8411,.181 1111411887 .
111, 818 411111111811, 8. 7
411111Τ. ’11,888 41111Τ.1,748. 811,8.84.4.1,884.
Alituum 8.“ 1, 8. 184 888
4111111Τ. 1111, 888. 1, 88. A. 1,(18 AlterT. 1, 888. 11, 188. 11, 484. 11,
AliumT. 11, 11111.11118.11,4ι.411. 888. 888. 848. 847. viimo. 8.111,1.148.
m.fi,m.Mommm. 8,Μ.8,ωωω8ῃ1
4.’ 1, 888. 488 188. 188. 187. A. 1, 478
4111111.11,.887 11178811, saw. 8, 4111111Τ. 11, 881. 848488411118.
11, 1. 88 1111.11811.111,111.8.1,11..111’11 1
4111811818111, 487 87.1,1.17.88.4.1,18.817
Animum 41111111.1,.1.148 11, 848. 111,(177.Δ
4111111111 T. 11488 ’ 11,488.1,788,11,888.111147.
111,...1411411 848. 1111, 78. 11, 484. 888. 111, 47.
411111.1111811,4.48 487. 8.,..1418 1,8. 47
4111111 1Τ. 11188. 811,1.88.4.1,411 4111111111Τ. 11, 88
411818011811, 7.414 4111111118.11,118.111,878.788. 811,
ATToquereT. 111, 588 4. 88. 84
4110111118Τ.11,47. 111,] 488 11111111.ι,11ε.1.,11111
411011111οΤ.“11,488. 11187 4111111111. 1, 87. 418. 1, 888. 11, 878.
4110111181Τ.1,871.11,718.4,11,188 878. 1,8118. 111, 481. 8111, 4. 88
AlloquiumT. vii, 884. 11, 818 11111111111411111.11111111.
4111111181Τ.11’,888. 11111111 111, 571. 1111, 484. 11,774. 1, 848.
41111111“.111,848. 8111, 884 S. 1,5 81, 4.“ 11, 87
418.Τ.1,1111..1·11,1111.111 1, 811 4111111011. 11, 871. 11, 888. 488. 111,
11, 88. 111, 88. 81, 8. 44. 88. 148. 488
1491,48.114.88117881,14111111181,1,881.11,888. 8.1,8..8
1884118114 11,1..8871,..4874.1,488.888
4111111Τ.11,148. 8.11,4.184 4111111111Τ3”111,81.1,481.11,788. 11,
4111111118. 1,1.884 48
Amssx‚m mvmnnwmmsm·
41111Τ.1, 18 .18.111,8.188
.111...Τ.·ιῐὶ,11.1.,1111.11141111,11111113 11,117.8.11,1.88

874. Tx, 808.ss 111, 88. A.' 11, 484 41111 T. 11, 484. imos. 1111, 814. 11,
4111υ14,11848 871. 11, 818. 848. 478. 8. Tm.

4111111’.111,186 1,8.Ι7. 11,1.11.11.11,1.11.ἰ1,1.
411111111Τ.1,888 8,1,1.814.1,.88.188.4.1,484
481118. 1,488 Altiu.i1'=1·T.1v‚ 481

 

