111 22271011.

11111111 T. 1111, 182. 11167. 749. A. 1,
1111111. 11, 111. 11111111. vm.
11, 221.11, 266. S. 1, 4. 1281, 2281
111111 Τ. 1119. 792 , >
Vlffibm Τ. 11,661. V, ‘²80 ἢκ· s·

1.,1. 11. ,11,111
ν.ιι1.1.1.,111. 11111. 11, 111 ,111,
11111. 11, 111. 1111111. 11111

11111111. 111111. ..1111111111

11, 29. 140. 148. 767. S. 1, 2. 162
Vulnere T. 11, 228. 111, 492
valuissent T. 11, 144

. 1111111.1,472.621. 111616. 11, 449.

T, 1⁸⁵· ix, 8701 XT, ²¹⁵· s· 1111128.
A. 126. 11, 207

Vm T. 1, 296

111111111116111 Τ. 1111, 86

Vani· T. 111, 662

111116 T. 111, 226

1111111 T. 1, 296. 111, 682

Vanum T. 11, 126. 11, 669

1111161 T. 1, 198. 11, 471. 621. 1, 119

1111101111 T. 1, 174

11111611ῑί1 Τ. 1, 666

11111611 Τ. 1, 284

Vaporem T. 11, 471. 1, 696. 8. 1, 6. 69

11166111 T. vii, 227

vaporibus T. xii, 712

1166111111 T. 11, 716

1161611111 8. 111, 6. 96

111ρο1111111 8. 1, 2. 46

11111 T. 11, 861

111111Τ. 111626

111111611Τ. 111271

1111111 T. 11, 826. 1111, 24. 8. 111, 6. 96

11111111 T. 1, 266

1111111 Τ. 11, 282. 11688. 1111, 619. 8.
1, 2.,66. v, 1111111161

11111118. 1, 6. 41

111111 T. 111, 616. 11, 669. 8. 111, 2. 42

1111111 Τ. 1, 672. 11264. 111, 281. 11,
400. 111, 679. 1, 69. 111, 470. S. 1, 2.
47. 111, 2. 62. A. i, 299

1111201211 i, 1⁸⁶· ⁵¹⁶0 122, ¹8· lm. V,
248. 1111, 219. 222. 1, 668. 111, 172.
8.1,4. 199. 1, 6. 42. A. 1, 186. 1142

1111161 T. iii, 426. 111, 127. A. 11, 166

Varium T. 11, 466. A. 11, 172

11111111Τ.1,147 .

111111 T. 1, 248. 286. A. ii, 291

91111117. 111, 111

1111111 Τ. 1, 616

1111111 T. iv, 297. 1, 296

“ 111111. 11, 167

1111111111 Τ. 111696. 8. 11, 6. 7. 11, 9.
41. A. 11, 618

111116 Τ. 1, 277. 11,628. 111, 679. 11, 799.

1111111. 11 1111. Clu.

11111. Scae.

11111111

111686. A. 11, 412

vastos T. 111, 272. 8. 111, 2. 122

1111111111 T. 1, 268

11111111 T. 11, 216. 111, 896. x, 624. 749.
Sd, 2. 94. 229. 1,1. 26. 1, 2.14.

,1, 422

111111 T. 11, 248. 111, 82. 466. 691. 642.
1.,111.111.111..1,111. viii, 1. x,
249. 222. 8. 1, 2. 22. 98. 291. 11, 1.
27. 11, 7. 42. 11, 2. 129. 1,1.292. 1,
1. 111. 111. 111, 111

11111 Τ. 11, 181. 192. 11620. 111, 786.
8261 7211118411 ¹0 ὅκα 8111211201 T,

Vatibus S. 11, 7. 61

111111 Τ. 1, 42. ii, 96. 299. 11, 497. 491.
1111111. 1, 616779. 111, 122. 8. 1,
4. 26. 112. 60. 11, 4. 101

111111111Τ. 111411. 11, 69. 1, 642. 722.
829. 8. 1, 2. 229. 14. 117. 11, 2. 69.
'92¹ 16111 lw- V, 8· 5012„- 28⁴· A·
1, 16. 644

1111111 T. iv, 662. 772. 1, 296. 221617.
11, 148. 111, 297. 624. 1, 696. 826.
11, 242. A. 1, 122

Ubere T. iii, 682. 11, 741. 11, 187. Α.
11184

Uberibus Τ. 1, 161. S. 11, 2. 64. 11, 6.
11. v, 1. 1111. 111, 111

Udfl T· 1716581 8111111201 11191 “0
1, 2. 4. A. 1, 222

11116 8. 1, 6. 78. 111, 1. 68

Vecte 8. 111, 6. 79

Ventum A. 11, 262

1111111111. 11, 722

1111161Τ.111, 697. S. v. 2. 282

1111111111Τ.11, 868 ·

11111111. 1, 712

1111111111. 1, 486. 111, 622

vectus T. 11, 241. 8. 11, 2. 27

7111111 T. 1, 722

vehementior 8. 1, 2. 22

11111111 T. 111, 726. 8. 1, 2. 142

1111111111 S. 1112. 188

veherere 8. 11, 2. 124

1111111118. 1, 2. 46. 11.1, 167

1111111 T. viii, 207. 216 .

vehit Τ. 111, 441. v, 607. 11, 26. 262.
291. S. 11, 1. 292. 1,1.196. 261

1111111111 Τ. 11, 282

,11111111 S. iv, 6. 66

11111 T. i, 194. 11126. 1, 129. 492. 469.
11, 484. 111, 141. 1, 629. 8. 1, 2. 6.
..1.111. 1111111

1111111121 8. 11, 1. 122

Velamina T. 1, 68. 111, 268

1111111111 T. 1, 692. 1, 66

111111 A. 1, 246

1111111111 8. v, 1. 226

2G

 

