nii 11111

8111111111 ’1111111 Astyagen 111888
81113111 T. 1, 187. 1168. 11, 486. x, 811]11111118.1,8.77
888. 871. S. 11, 1. 186 Astyoche T. 111, 171

' mgentem Τ. 11884 Atalantam T. 11, 888

881131188118111. 186 , Atalantam 1111817
8111131111 111, 781. 11888. a. 886. 811111111111688,
xii, 14. 8.11,8.17 Atalantiades T. 11, m
‘ 111811. 1887 81111. 1111, 718
Amynan 8111, 8. 181 Athamanta T. 111, 688
8118811181. 11868 Autumnus„ 1, 8. 148
hydas. 114. 84. 11888 8111111111. 1, 18. iii, 188. 111111.
8η11118.1118.818 8111148
11111111.111,111.1ω 1111111111101111. 688
8111118111 viii, 718 Athenas T. 111 884. 8. ti, 7. 88
811111 A. 1, 188 8811111 T. 111688. 81, 8. 88
811111 T. 111, 886. 111, 48. 11, 687 Athon 811, 8. 68
81111 Τ. 11, 878. 11, 881. 11888 811111 Τ. 168
81111101 T. iv, 188. 714 8111111 T. 1111, 816
8111111818. 181188 Atlante 8.11,8. 18
8111111 Τ. 11878. 1, 888. 11, 881888. 81111110 A. 1888 .
111888. 8. 1, 8. 17 Atlantiades T. 1, 888
81111. 1, 818 8111111181, 1.88. 118. 167
81111Τ. 1, 886. 111, 688. 878. 11411. 81111 Τ. 1, 88. 1, 486. 1114
881. 1181881. 1188888888. 8111Τ. 1, 844. 886. 11641. 111, 671.
488. 448. 468. ⁴⁰⁸. 111, 114. 184. 888.11,448.688.6Β.888.788. 11
471. 1111874. 788. 11, 87. 1876. 87. 111. 78. 1611841464. 788. vit.
887. 886. 1181188. 688. 1111. 78878888. x, 786. 1171178.
864. 788. 8. i, 8. 78. 81. 11, 1. 88. xii, 888. 788. 8. 118. 18. inam.
'na 117188. 111,1.”. iiia-na V, 8131. 18111189
11, 8. 88. 11, 8. 68. 8. 1, 848 8111111 Τ. 1, 188
8111118118 81111Τ. 11488
81111Τ. 111 86. 11, 777. A. 1, 181 81111 T. 1111748
811111111 Τ. 11, 688 8111Τ.111188.’11811.111478. 81,
8111111011. 11, 787 · 4. 84. 1, 8. 187
81818118811 Τ. 11, 484 81111 Τ. 1, 148. 187. 488. 1148. 816.
8111111101 T. 1111, 88 11, 48. 187. 681. 8. 1, 8. 48. 81181
8111111101 T. 11488. 1111. 816 Atrida 8.1, 1118. 111, 8. 88. A. 1488.
aenigma Τ. 1, 888 11, 848
8181111111 Τ. 111448 811181181888. 1167
8111111118. 111, 6. 187 Atridis A. 1, 88
811111 T. i, 88. 11, 88. 1118488886, Atn'aT. 1, 688848. 11881487. 11,
11, 876. 768. 1, 84. 148. 11, 886. 81111878
886. 111, 88. 888. 111148. 146. 878. 81107.1,117.191.1111.111. 1188.
668. inm. 1, 78. 887. 788. 8⁰0. 811 l. 887
11,.78. 88. 111,81.48.88.188.Μ. ΛὴορωΤᾹ, 111. 888. 11188. 11, Μ.
S· ι. 1. ⁰⁸· 11. tat. 1111. i, 1. 101. s. 1111. m. iv, 1 11111.
88. 11, 1. 84. 886. 1118188. 1114. 1811178
48. 11, 1. 8. 111111111118. 81101 S. 11 8. 88
188. 184. 8.1, 188 Atrox 1111188. 1188168. 111178.
81110 Τ. 11, 8881 1, 448. a, 86. 688. 8. 446. 886. 768. 1618. 111, 888. 888.
1,1.66.18.6 1111111111111.11111111.
11111117. 111, 84. 818. 668. 111886. Mt
8. 111, a. 64. 8. 1, 844 8111111111 Τ. 11418
8111111186. 1, 888. 11, 488. 788. 8111118118. 118. 78
861. 11, 148. A. 1, 886. 648. 871 AttenduntT. 111868. S· 1, 8. 888
811111 A. 1, ²88 811111111Τ.11,71
Aatupet T. 11 18. 111, 1118 811111111 Τ. 11, 818
1111111111. 11, 111 1111111111

 

