111 STATTUM.

11,111. 111111 ., mn. 111. .,

Α11111111118.“ 111, 8. 118

.111111111111111,48888.111,88.11,888.
1,84. 878. 11,888. 1111, 818, 888.
11, 887. 888. 1,888. 778. 11, 888.
111,818.8.148718711,.188.111,
8.88.,.11188.18..8881,8.8

’ ,411111111111111111888

mmmmm· 1, 881. 111, 888. 111,
8888111881. 1,1,117

.1111111111111111Τ. 11, 488

8111111111. 1, 888. S. 1, 1. 8

Animarum Τ. 1, 88. 111,148.881. 111.

1118118111111111111. 11,844.
1, 881. 111, 888. 1111, 888. 884.
884.887.1ι,888.878.1,444.788.
11,188. 111,...88188888 aim.
88811, 8. 87 ,

Anime& 11,884

81111111 Τ. 111, 884. 11,888. 1, 888

81111111Τ. 1, 88. 488. 888. 888. 888. 11,
488. 111, 444. 481, 11, 78. 888. 1, 4.
848. 888. 888. 844. 11, 881. 7 88. 111,
1881111, 788. 1, 488. 888, 11, 188. 111,

111..,....1111.111111,11111,1.

188.118..7811,8..1711,.8.8887.
11188811188888118411.

87. A.' ι, 818. 888
41111111.·ι,111.11,1111.1111111111.

818. 11, 888. 1, 888. 11, 778. 888.
111,787 1111,888.888.11,.884 1,
Μ8.11μ4..81488888.8.11,.184.

111,.1.18811,.48

.111111111Τ.· 1, 878. 448. 881. 11, 188. 888.

111, 4. 888. 878. 718. ·111, 888. 1111,
888.1,881..7881111818488
1,,Η818818811,8..8811,..88 111,

ΧΥ

848. 111, 118 888 888 11, 818. ι,
188.,8.14..881187118111,8.
88.11,4.88.181881884 A
1,.848 818. 11, 877

1111111111Τ. 1, 418. 1, 148. 111, 848. 1111,
108,188.811.ι,11.11111.111117.
8.1,..8881,.8181.11,1..18811,
8..4811,8;48. 1,8.18

1111111117. 111, 87

1118118811, 8. 87

1111111188.111,8.188

1111111Τ.“1,188. 888. 1, 88.·11, 788. 11,
888. S. 11,1. 88111, l. 8. A. i. 888

Annis T. 1, 81. 871. 11, 887. 488. 11,
88. 88. 87. 1, 788. 11, 78. 818. 888.
1111,1811.8111.ἱι,118.118. 1,.887
8.11,.1184.11,.,784111,8..88111,
8...888811,1..81 1,..1188 1,.8
18. 1111888

41111118. 11, 888

· ,1111111111 1..,1. 11

4111111118. 1, 8. 88

Annonae S. 11, 8. 18

Annorum T. 1, 418. 11, 847. 11, 148. S.
1, 1. 88. 11.11, 888888

Annos Τ. 11,· 188. 884. 818. 888. 1,
188, 181. 11, 787. 111, 888. 11, 818.
ι, 488. 848. 888888. 11, 84. 18,
811. S. i, 8. 78. 188. 1, 8. 88. 1,1.
81881888. 11,1.188.181.148.
11, 8. 187.148. 11, 8. 74. 11, 8. 47. 11,
7174.111,1.181.’ 1118188. 111,8.
88.88.88.187.187. 1114188. 111,
8,187.11, 1. 88. 87. 11, 8. 18. 11, 8.
1489117,414517,1117811 ''z-”L
1, 8. 188. Α.1, 48. 88148488. 878.

A. 11, m
1111111111, 884.“ 81, 878. S. 11, 8. 188

1111111111, 488

1.8.111,8.188. 11, 8. 48. 1,1.47. ΑιιιιοιοΤ. 11, 411
118188. 1, 8. 87. 118. 187, 1, 8. Annum Τ,111,178

188. 848. A· 1, 871
8111111111 T. 1, 478. 1, 888

,1111111181111111 11,111.178. 111.
884. 848. 871. 11, 188. 4118. 788. 1.

11111111Τ.11,888. 8.111,1.48. 11, 8.

1111614161.ιὶ 1111111. 831, 111111. -
1.

48. 188. 181. 748.11,408.818.111, Amne T· 1188. 11, 718. 8111888
487, viii, 487. m. 1, 88. 888. 884. 4111111118.11,8. 88
871.11,884.888.111,888.8.,.11 8111111ιί111,11,84
48.1,8.881,..4781,.848,11,8. ΑιιιιιιίιιιιΤ.11,888

81. 118. 84. 1, 8. 88. 87. A.i, .111111118.11,.88

1111111111Τ.,1188. 811111. 11,1.

.8111111011Τ.111,888. 11,11.,884.11 88. 47.1,.8.884 Δ.“ 1, 871
488.111,488.8.,11.188.Δί,888 .1111111111Τ.111,888

AnimoueT. 1, 787
AnimoeiT. 11, 717
Animum T. 11, 888
.411111111111Τ.111,888

ΑιιιιιιιΤᾘ 1, 888. 888. 11, 887. 488.

888.·11,1.718. 1111,14.ι,11111.8.1,
8.]87.1,8.8.1,8.48.8.111,8.88.
11, 1. 8. 1,1.17

4111111118. 1, 888. 11, 888. 818. 848. Amatorem-mo. 1, 88
111, 8. 884. 11, 488... 1, 188. 11, 788. 4111111111 T. 11, 888. 111, 188 .

 

