01

Iniecta S. ii, 9. 99

1111111111 Τ. 111188

11111111Τ. 11, 187. 8. 11, 8. 98
11111111 Τ. 11, 18

hm T· VII. 5771 s· I, ²· m
1111 Τ. 1, 89

1111111 Τ. 111, 818. 11, 898

1111111111 Τ. 1, 919

InJieio T. 1. 818

1111111 T. iii, 181. 11, 181. 11, 887

111111 Τ. 111888

1111111111 T. 1, 881. 11, 998. 11. 119. 974.
8. 11, 1. 187

1111111111 Τ. 11, 888

1111111111 Τ. 11, 418

Inimicum T. vi, 718. 1111, 81

Inimicus 8. 11, 7. 84. A. ii, 188

1111111 Τ. 11, 818. 111, 118. 11, 188. 8.
11, 8. 88 .

11111111Τ. 1, 88. 111, 181. 11,1

1111111118.11,1.178 ι.

1111111Τ.1,788. 8. 1, 1. 188

Inique T. 1, 848

Iniqui Τ. 11, 818. 111, 79. 988. 11, 881

11111111Τ.111,988. 11, 888. 8. 1, 9. 81

Inique T. 1, 899. 11, 888. 11, 878. 11,
887. 111, 878. 797. viii, 181. S· Ι, 4.
Μ· II, θ· ⁹⁴

11111111 T. 111, 87

11111111 T. 111, 488

1111111 T. ii. 88. A. 1, 981

1111111 T. 111, 79

1111118. 1, 8. 48. 11, 1. 4

11111 T. 11, 818. 111, 188. 11, 194. 898.
111788

1111111 Τ. 1, 917. 11, 881. A. 1, 47. 488.
11. 888

11111111 8. 111, 8. 88

lupun 8. 1, 8. 79

11111111 T. 1111, 88. A. 1, 87

injusti T. iv, 889. 111, 889

11111111 T. 11, 774

11111111 S. 1, 1. 99

111111 T. 1, 981

1111111111. 11, 8. 48

1111111111 T. 1, 811

1111111111 T. iv. 98. 1, 748

1111111111. i, 198. 898

1111111111. ii, 98

1111111111 Τ. 111, 144

11111111 Τ. 11, 78. 8. 11, 9. 88

Innixus T. viii, 788. 11, 878

11111111 8. 11, 9. 99

1111111111. 111, 178

Ῑ1111111Τ. 1111, 881

11111111 Τ. 11, 188

innumera T. 11, 187. 111, 888. A. 1,

Innumero T. 1, 91. 111, 111. 1, 147.

mm

¹ii‘..⁶⁰⁰· 8.11,8.18. 111, 1. 78. 118.
11111111111111 111, 788
11111111118.1,8.81. 11, 8. 41. A. 11,
initiand T. 111, 898. 11. 71. 174. 11,818
Ι111111111Τ.11,888. 111,188. 11, 88.
’ 941. VM. 111,81.1111,8Η. 1, 488.

111, 887. S. 1, 191111. 1, 4. 79.

· iii, 8. 88

lanum T. 11, 171. 887. 1.119. 11,
89. 818. 98

1111111111 Τ. 1111, 889. ix, 888. 1, 811.
8.1,1.88. 1,1.818. A. i, 188

Innumeram T. 11, 188

1111111111.11,818

Innupta T. 11, 18. 111988. 11, 884.
111881. 8.1,1.19

1111111111 Τ. 11, 981

11111 111 Τ. 111, lid

Ino .11,889

11111111 Τ. 1, 419

Imm T. 11, 88

1111111111 T. 1111, 818

1111111111 T. 11977

1ιιοο1.11,1.11.11,1.11

Inopem T. 111, 814

Inopes T. 111, 888

1111111111. 1, 188. 1, 711. 1111, 888. 1,
888. 11, 148. 8. 1, 918. A. 11, 118

Inopino Τ. 1111, 481

1111ρὶ11111 Τ. 1, 949. 11, 888

inopinus T. iii, 17. s. iii, l. 18

111111 Τ. 1, 878. 888. 11, 189. 111, 189.
11, 881. 1, 888. 898. 11. 189. 111,
118. 118. 8. 1, 8. 49

Inous 8. 11, 8. 88

1111111111 S. 11, 88

Inqunm Τ. 11, 917

1111111111 Τ. 11, 887. 111, 198. 817.
1111111. 11,·111

lnquit 1. iv, 111. v, 111. 11111. 11,
877. 1111, 81. 881. 11, 718. x. 988.
488. 884. 11,888.888.788. xii. 889.
8. 111, 1. 91. A. 11,818

111111 Τ. 111, 899. 1, 878. 881. 111, 88.
1,887.111,888

1111111111.11,878. 11, 188

11111111 Τ. 111, 111. 1,818

1111111111. 1.,111. 111, 111. ιῑ,
818. 111, 798. 8. 11, 9. 97. 11, 88

1111111 Τ. 1, 814. 1, 881. 8. 11, 4. 88.
v. 8. 98

1111111111 Τ. 111, 888. 1, 888

1111111111 Τ. 1, 798

1111111111. 11, 888. 1, 89. 111. 971

11111110 T. i, 888. 111, 818. 1, 99. 11,

Immo. Τ. 11, 989. 8.”11,1.19.148

 

