lu m‘rlun.

cxxxix

81111111Τ.111,10000811,4.1,48.0110111087
111780.1111184.1,8.88008 11, 01. ΜίιιοιοΤβ 11, 8011111, 100
180. 2⁵⁹· 2¹19. 400. 7811 111, 015. 0101108118,ὼο

110..08111,..80111,.800

0111111011, 880

11111011111111001.1011101111. Μ11111Τ.11110.11,180. 11441081.

078. 888. 401. 000. 1, 008. 710. 11,
800.111,.01181,.1070

ΜὶιειιιιιιιιιΤ. 111, 018

11111111111111 11188811000048
1,101. 111018. 1111, 801. 11, 800.
800.011.1,087.111801.0111,1.
884. 1,0. 04

011111111111116111, 180

011111111Τ.1,070. 11,400.11,770.11,
400.111,80.1111,44.11,100.1,100.
8181007. 0.11,0.8. 1,..0184.

0111111111 Τ 111, 704

Μὶιίιιω 8. 1114. 81

0111111101114. 17. 11, Aa

Μ1111Τ. 111, 088

0111110.11,0..48..11,810

1101111911111. 1080

81111111Τ3118041,887. 1117801111,
084. 007. 11, 771. 111, 707. A. 1018

Μ1111110111Τ. 1, 880

Μ1111111Τ. 11, 170

0111111 Τ. 1111, 414

14111111.11,111.0.111.11

0111111118.1,4.84

0111111118. 111, 8. 80

0111111111 S. 11, 1.140

811111111Τ. 1048. 111, 0. 11800111,
480. 1, 088. 111, 081

mh Τσ 011, w· 0641 0ωο Ax. ¹⁹· m.
401. S. 1, 8. 10. 111, 0. 70

mum Τ.1004. 0.1,4.81. 1,1.74

101011 Τ. 1, 108. 111, 011

1410111110. 1878

8111111178 ,

8111101118. 111, 8. 0

01100111· 111, 400. 11, 000. v, 841. 000.
11, 801. 11, 870870. 11, 808. 811.
80. 11, 4. 10

01110151, 100. 407. 11, 808. 111, 417.
11,000.1,800.111,087.04711111
000. 1118008 718 11110111,
100.487.408.8.1.1110108. 18.
0018811010. 11,.1188111,
188111,4.8.80.11,0.00.11,8.7.
1,0.8011,0.40 111007

1111111111.1,440.111,110.ι,110.0.
1118800. 1111100

1111111111111110.·1, 8 84

Μ1111118. v, 8. 41

Mittam T. ’1, 780. A. i. 017

1110111111700. A. 11, 41

1011861111. 11, 081. 111, 800. S. 111, 8.

1, 401. 111, 018. Sa, 8. 100

1111111118· ιι, 4. 04. ”A.iimv

01101οΤ 1111, 007. 111801. 000

Μ101111Τ.11·ιι,800. 81 8100

Μ1111Τβι,80071011,10.1,108. 11
08. 080. 001. 111400. 11, 000. 084.
11001100. 011111111.
111.11,1.’..11111 „Aa m.
881. Α.1, 401 “

0111410811, 1. 47. 118. 148. 110101

Μ11111Τ. 111117

8111οΤ01800. 11,17. 11411111
018. viii, 008. 400

8111411Τ. 11400

ninom ..447 1180811041880.
1, 48. 00. 0. 1 4. 40

808111ιῖ1111, 104.“11,000.018. 111887.

1 1 48

1111111111Τ.1,0.1111,000.1,184

01111111.10,111.1101 11, 7801,
11101111

1110111011, 8. 188

0100111111111188.0.111,8.80

ModenmineT. 11, 000

0000111101111Τ.1,741

0111011111ωο.111,8.174

111011110011Τ.1, 18

ΜοάειιῑιΤ. 1111, 888

010110111ιί11 Τ. 1488

Μῦᾱωωῐτ. 111, ιι ⁸0¹, ’a ¹61· 11, 2·
81. 1,8. 108

1111011111.. 810

1101111011ιο· 11, 7. 47

8100111011Τ. 1, 800. 011, 4.48

0110111110· ιι, 880

0001111ωο11, 848. A.'· 11, 800

01111111οΤ. 11, 800. 01, 1. 110

0101111411Τ.11808.“111,000.0.1,8.
108.11,1.80.48.·1110.07

ModutiorT. 1, 000

1010110111· ι, 000

Anam. 1, 80. 111888

11101011811111

ModiooT. 1, 080

8110οΤ81801. 100. 11401. ai,
8840. 1, 8. 48. i, 4. 80. 11, 8.481
11,4.11.11,0.07.11,0.108.1,18.
108. Ad, 170. 840 ,

11110Τῦ181804. 800. 081. 11400.
111 808..884.00011,88.888.780.
780. 000. 841. 11101 800. 871. 407.
011. 11, 088. 080. 111, 880. 404. 011.
1111, 00. 188. 887. 008. 11, 181. 800.

mmm. 778. 1, 808. 880. ¹¹·

 

