⁸ss 61111611. xiii

1111111111 6111111111
Αωω7.1,111.161.111,111. 11147. 1111117.11,11.16.1611166161.
..1111161111 1, 812. 11, 616. 682. 816. 1, 617. 111, 629. 11, 267. 266.
xii, 664. 8. 1, 6. 62. A. i, 617. 11, 627. 668. 644. 666. 494. 462. 469.
116 488. x, 96. 864. 11277. 111116. S.
Amenls T. is, 166. 11, 441. 111, 726 1, 2. 294. ἰ, 6. 24. 46. 1, 6. 61. 11, 6.
1111166121, 168. xii, 766. 8. iii, 1. 86. 96. 126. ivd. 12. A. 11111
117 Amo S. iii, 1. 164 ¹
1116111111 71111792 1111611118.11,6.166

- 1111666661 Τ. vii, 161 1111111668.ἰν,7. 18

AmerinsS. 16. 18 Amomo 8. i, 2111. ii, 4. 64. 1116.
1....1.1,111.ι1,161. 111111 111. 111, 1. 61
Αω1111Τ. 11274. 11, 26. 612. 11, 12. 1111101Τ.1, 128. 472. 697. 11, 266. 641.
196. xii, 62 666. 699. 469. 612. 111, 666. 661.
6111111011.11,26 682. 626. 796. 11, 684. 761. 1, 42.
8111161111Τ.11,194 428. 446. 11, 744. 867. 111, 168.
Amicus 8.11,1.16 1111, 687. 11, 186. 1, 418. 679.
1111116117.111,479’ 894. 11, 666. 111, 121. 469. 662. S.
Amici T. 11, 816. 11,47. 169. 8.11, 1. 1, 2. 19. 29. 146. 266. 1, 4. 69. 111.
299. 11, 4. 69. 11, 662. 1, 2. 6. 196. 214. 11,2.146. 111,2.1.49. 99. 111,
166.1,6.46 4. 42. 111, 6. 4. 11,4.21. 11,6.12.
11111..1..111,ι11.1.,166 11. 1111111. .,1.11.116. .,
AmicisT. 111264. A. i, 79. 649 8. 241. 1, 676. A. i, 6. 894. 617.
· Amicitia 8. 11, 2. 146. 11, 4. 196. 11, 6. 412. 668. 11, 186. 696
ss · Ι 1111111111116111116.11166.
1111116661671. 11664. 11, 781. viii, 792. is, 868. 111679. 811616.
64. 8. 11, 2. 22. 11,4. 196. 11, 7. 66. 11, 6. 66. A. 1, 174.669
A. ii, 669 Amorem T. i, 674. 11, 128. 1, 677. 8.
1111111. 11111. .1,1ι 11. 161. 11, 1. 161. 1111111. 1.,1.
Amictu Τ. 1, 661. 111, 126. 416. 11, 746. 191. 1, 1. 67. 191
vii, 111. 1111111111. iii, s. s. 1161111. 1, 111. 1.,161. ..11116
1, 2. 67. A. 11, 299. 621 111, 661. S. 1299. 129. 294. 1116.
111111111. 866. 1, 648. 8. i. 6. 71. 161. iii, 6. 166. Δ. 1, 691
i. 1. ss. 111161. 1, s. 11 1111. 1111111111. vi, 616. s, 1,1. 16
11. ..1.116. 111116 iii, 1. 11
1611161117.111,661.1,878.1,2.28 6116116617.11,661
Amisere T. v, 649 Amoris T. 11, 62. S. iii, 2. 81
AmissoeT. 11, 461. 8.1, 1. 261 Amorum S. 1, 2. 64. 1, 6. 66
Α1611118.11, 1. 261. 11, 6. 66 Amotae A. i, 469
Amissis A. 1, 666 Amotum T. iii, 487
Amisso T. ix, 82. 1, 182. 11, 446 Amuvet T. ix, 81
Amissus T. 111, 62. 111894 1661111167. i, 899. 111, 666. 697. 11,
Amissum T. 111 172. 111111. 664 237. 11161. vii, 686. viii, 171
1116111617.111,246 11166ὴί11161 T. v, 666. vi, 827. 971.
Amittere T. 1, 268 462. vii, 691. viii, 281. 1, 296
Amittit T. viii, 422 Amphigenia T. 11, 178 ’
1161111Τ.11,896. 11287. 11,264.691. Αωρ11111.1,16.11,111. 111278. 11,
419. 446. 629. 8. 1, 6. 126. A. 1, 269 778. 891. 899. 1, 688. 421. 461. 449.
Amnem Τ. 1, 46. 11, 144. 1, 2. vii, 659. 467. 499

466.11,296.812.427.466. sii, 226. Amphions T. viii, 268. 1, 787. 8. iii, 2. ·

8.1, 6. 66. 68. 11, 6.6 41
AmsesT. 1, 266. 866. ii, 24. 111211. Amphionaeis T. 1,772
269. iv, 686. 764. 11664. 111466. Amphione A. 1, 19
748. viii, 261. 466. 11, 797. 11, 116. 111611111ουί68.111 1. 116
196. 111276. S. 112. 66. 11, 7. 12. Amphionias T. xi, 649
1112. 68. 1116. 68. v, 1. 224. v, 2. AmphionisT. iv, 667. 611. 111, 466. 1,
166. A. 1. 489. 621 . 876
Amni Τ. 111821 Amphitryona T. viii, 661
1161116117.1,16.196.11,467. si, 71. Amphitryoniaden T. 11812

 

