114 81411011.

(111611.6,166..1111, 886 ..

016611. 61461668. 11, 116

0161611. 61, 487 ·

0111 T. i, 664. 111, 68. 16, 68. 678. 61,
788. 16, 671. 61, 848. 611, 688. 781

01440141Π81441111ω1 ἃ, 61 811144 ⁸
84. ι, 1.811 .›

0161611166 8. 111, 8. 88

cmm 413351·-

0166161 Τ. 61, 77. 16, 686. 8. 6,8. 166

0111611611.1,618.61,184. 6,464. 611,
[88. 888. 6884. 611, 166. 8.· ιι1, 6.
818. ι,8. 188. ι, 8. 88

01661611.11,878.·6,888. 61, 78 886.
16, 887. 6. 868. 8. 11, 1. 6487 144.
111, 4. 84. 11, 6. 81. 111, 8. 87. 188. 111,
6. 61. 6,6.14·

0166111.1ι,678. vi, 176. 848. 611, 88.
16,668. 61, 186. 611. 88. 8. 6,8. 84.
ι,6. 18

01611111. 611, 488

0161116161. 111, 167

0163118316, 8 8

016361.·· ιι, 688

016316141, 887

016311.11,41.8.ι,8.168

0163111.11,877. 814167

016311611.611,48.8,·,1,4.86

01636161. 61, 886. 6111, 466. 688. 611,

66361113... 666. 788. 16, 681. 6, 41

“ 016111. 61, 887.. 6111118. 6, 166

0111616161.61,61. 8.11,6..8816,6.
48. 6, 8. 48 ·

01666161. 11, 887. 61, 188

0161118. ι, 8. 146. 4.1, 611

0163616118. 16, 8. 88

016361161811,8.86

0166116 ,661

01666181, 8 86 .

011611.61,..488688.768.8111,6.16.
ι, 8. 81 ’

01616161, 864. 888 .

0116611111668. 1676. 61,77.8 16,
161. ..,111. 6116616. 1.,1. 16.
16811. ι,8.18 4.1,1.68468

0116611111. 11, 486

6166616611.ι,116

0166641113 ιι, 117. 4. ι, 614

(666666666611. 61, 48 .

0166666113· ιι 6 6, 48. ιι, 646 8.
11, 8. 78. ι,8. 187

01166666611316, 884 ·

0166616111.·· 61, 188. 61, 788. 6, 668.
611, 884

0116616111. 61, 868. 6111188. 818

0118666361. 6111, 677. 4.·1, 178

0616616611. 616861. 86181

circumspectabit& 6, 2. 168

circumspexere? 6111, 14

01166611ρὶ661.11,768 .

01166111ρί611. 11, 486. 16, 841. 6, 868.
418. 61, 864. 8.“ ι, 6 88

0116616616661 Si, 6. 44Ι

0166616611. 61, 488. Sa, 1. 886

011666181816, 848

0166666111. 611, 16

0166616166161. 6,166

0166666611.1,61. 16168. ιι 786
611, 66

016466611611118.111,6. 181

0166661668· ιι, 1.86

0116664661. 6, 618 ¹

0116666111. 61,67.16,688.8.ι,,1.178

0166661111..ι,116161. 4.·1, 181

0116666161. 1, 88

61666666116.ι,ι.166

016161, 867

0111611. 611, 18

0116111. 61, 888

011111. 1116186. A. 11, 168

0116111. 61, 768

0116116116 ι, 88

0111111831, 8. 17

011116 T. 6111, 688

01111611. 61, 687. 8. 11, 8. 86

01166111. 61, 881. 6, 186. 8.,1,8. 148

01166161.16,184. 6, 664. 8.ι,8· 16

017111616768. 66866. 811176

ι 676

0111161661. 1,114. 88611, 86. 488111,
87. 16, 871. 447. 6111, 846· ιι, 447. ι,
878. 61,666.768.611.68.8.11,7.18

1116111311. 418

01111. 6, 668

011111. 611, 741

0116161. 61, 161

011611. 11, 688. 6, 481. 4.·· ιι, 47

01668. 6, 6 118 ,,

016111· ιι, 447. 111, 867. 611, 688. 8.,1

0161611111, 878. 8.“· ιιι, 6. 78

0161168· ι, 1. 88

0161111. 11, 787

0161111 Sa, 6. 186

civium, 446111, 886

011661. ιι, 867

0111166111, 868. 61, 88. 6111,186. 16,
88. 61, 788

0116116116, 666. 1, 177. 486

0166161. 6111, 884 ·.

0111666111. 6, 868 .

01661611. ι. 886. 687. 61, 118. 668.
611, 876. 488. 8.·1, 6. 88,,

0166661661. 6111, 666. 61, 886. 4.11,

(1116161111. 61, 68

clamantibus T. 1111, 761

 

