cxxiv 111011

Iaeti Τ. 11, 68. 11168. 160. 1, 197. 819. 1160101111 Τ. i, 618. 1, 712. 111189
11166011. 111, 699. viii, 688. 11, 1161111111Τ.11,162
17. 80. 280. 711. 717. 862. 1, 618. 1116166111 11, 668
677. 111, 166. S. 11, 1. 188. 11, 6. 21. 1161111 A. 116
iv. 7. 89. 1, 1. 166. 1, 8. 267. A. 1, 116111 Τ. 1612. 11, 268. 11199. viii,
2611 ’ 628. 11,1,181
letifer T. 1, 707. 1, 628. 787. 111709 11611 S. ii, 1. 172
1011101111. viii, 2. 8. 1, 1. 109 11911 Τ. ¹· ⁶³
1011101116,οε 116111 T. 11, 286. S. ii, 1.60
1810 Τ. i, 261. 696. 660. 11661. 111, 1161101Τ.11,286
618. 11, 617. 681. v, 698. 11786. 1161111Τ.1,687. 8.11,6.76
11, 181. 261. 628. 787. x, 80. 111. Libebat S. 1, 8. 101
11, 188. 668. 671. 111678 1161611 S. 11, 6. 89 ,
Letum T. 111, 618. 1, 601. 1111, 561. 11, 116011111ιί1 8. 11, 9. 21
88. 11610. 8. 11, 6. 86 , 1161110 S. 11, M
11111111 11, 680. 1111, 216. A. 11289. 1161111111 S. 169· l
102 · Libens T. 11, 680. 111, 276. 878. 11, 196.
levabit S. 111, 8. 211. iv, 8. 127 812. 11, 66. S. i, 2. 200. 11, 1. 227.
1611111101 S. 1, 1. 28 111, 1.161. 111, 6. 26. 11,1. 11. 11, 6.
Levant T. 11180. S. 11, 8. 61. A. 11, 166 62. 1, 1.187. A. 1, 188. 677. A. 11,
1011611111 T. 11, 278 228. 886
lavarat S. iv, 8. 96 11601 T. 11, 668. 111667. 1111, 289. 11,
1111101. 1, 619. 1111167. 8111 1. 68. 111. 1, 887
110 · LiberT. iv‚9⁵. ..111 η’, 111. soe.
laevariT. iii 11. ι, 110 011. vii, 111. 011. 1.. m. s. ii, 1.
1111111111 11. 11, ι. 01. ,111101
Levat T. 11, 1112. 779. 886. 111891. 116111Τ.1,81.11,8. 111867. 816.
896. 11826108. 1, 896. 607. 11, 11
682. 8. 118. 69. 11, 1. 16. 11, 8. 60. 116111018.11,2.21
A. i, 017 ubertas T. 111102. 216. 11, 688. 11
1111111111 11696 716. S. i, 6. 16. 111, 8. 69. 1, 2. 68.
1011111 A. 1, 88 1, 6.77
1111101118.11,6.1 Libertate Τ. 11, 261. 811116. 11, 7.
Lentus S. 11,1. 108 68
18727111. 11113711· [1,956. 81121240· limnaeus· 111, 51931 ihfi- oe· '9⁵'
ii, 1. 111. ii, 6. 11. 11,1. 11 11
Leucadn T. 11, 808 Libet T. iv, 610. 11, m. 111, 112. 1111,
1100011118.1,8.166 168. 1, 868. 81881. A. 1611.
Leucothea T. ix, 102 11, 881
leucothoe T. 11, 12 librabat T. 1, 86. 111676. ix, 166
lavem T. 1177. 11, 621. 1111, 828 Libram Τ. vi, 896. 1111, 621. 11, 818
11101121686. 1121. 981. 11, 261. 1161111’1“.11,662.11,260
‚²²⁸- 111, 101. s, iii, 1. 11. iii, 1. 00. 1166611161
169· 81. v, 8. 268 116111 Τ. 1111, 288. 8. 11, 8. 19
Iaevi S. 1, 2. 62. 111, 8. 128. A. 11, 101 11οη111. viii, 160
111111. viii, 666 1161111 Τ. 1, 661
Levibus T. iv, 808. A. i. 671 11611101 8. 11, 8. 68
1111011. 11181. 822. viii, 78 11611111 Τ. 1, 118
11110101. 11, 861. A. 1, 821 Libri T. i, 681
11111 T. 1, 108. 11, 261. S. 1, 6. 62. 11, 1161101. viii, 111. 11, 16. 8. 111, 1. 78.
2. 19116. 11, 6. 20. 11, 1. 81. 11,1. 11, 6. 106. v, 2. 181
111 1118111111
Levime A. 1, 687 libyca S. 11, 8. 12
1111111111, 167. 1111620 1161011811, M
1116111100. s. 1111. 11110. 111,... s. ii, 110
Ι11,1,608 Libyci S. 1,1. 88
1161608.111,8.199 1101167. 11, 116. 8.11,9.11
Limen T· vi. 221 Libyco T. 11, 722. 1, 628
1161100111 Τ. 111, 88. S. 111, 1. 161 Libyco· T. xii, 606. A. 1186

 

