111 8Τ4Τ11181.

4111111Τ.111,184. 11, 882. 11181282. 4111111 Τ. 1, 118. 1, 888
11188. 88. 8. 111, 4. 8. 1. 411228 4181111 Τ. 11, 121 ’
41111111181111111 4111111111 Τ. 1, 118
Accipias T. 11, 842 Aemoniam S. v, 8. 181
Accipias. 1,2. 141 411111111πί118 1111118 ¹
411111111Τ.1488 411111111Τ.1111888
-. Accipimus T. iii. 414. 111, 881 41111Ιοί1 Τ. 1. 488. 11412. 11882. 11,
11111111. 1111. 1.,111. 11111111, 111
128. ι, 828. 11, 88. 11181. 814. 1111111111. 11, 142. 1111, 828 . ·
, 88. 41888 4111111111 T. 111, 418
41111111 Τ. 11814 Achelous T. 11, 181. 111888
4111911111 T. 111, 888 Acheron T. iv, 822. 1111 814
4111111111 111188 4181111111 8. 11, 8. 81
Accipiunt S. 1, 1. 284. 4. 1111 4111111111Τ. 1, 881. 11, 488. 1, 188
411111Τ. 1, 882. 111228 “ 4181111811. 11, 188
41111111 Τ. 1188 41111111 4. 11, 248
4111118.1111.188 4111111111 8. 1, 1. 88
411111111811, 188. 111888 4111111111 8. 11881. 1, 2. 181. 4. 1,
4111111811 S. 11881 ” 828. 884. 888. 418. 818. 848. 811111,
4111111111 T. 111, 288. 8.1,4.8 . 48. 288
4111111111 4. 11, 188 - 4111111111 8. 111, 4. 88. 11, 488. 84. 11,
loelhflT.1‚m 71 2⁴· V, 2· ¹⁶⁸· Α· 8, 11). 871 ιω·
48811818 Τ. 11, 818 888. 448. 414. 884. 888. 888. 848. 11,
4811111111. 1, 888. 1, 844. S. 1, 8. 88. 1, 88181. 848. 888. 282
8. 28 Achilli 8. 11, 1. 88. 111, 2. 88
411111 Τ. fii, 418 4111111114.1,888.414. 11888
Δω111ι 8. 1, &m 4111111 Τ. 111, 811
ΑΜΜΕΤ.18,“81 'MH- 'iiv‘m' Asthiffi Τ. 1, 2³⁵
1, 1111111111 4111111 T. 111888
4111111111 Τ. 11888 41111111 4. 11, 888
41111811 T. 1, 848. 1, 822. 11188 41111111 Τ. 111, 488. 1181. 118. 11, 21.
11111111.. 11111. 11, 111 11, 1. 11. A. 11, 111
Accumulat T. ι, 188, 4111111111. i, 448. 11, 118. x, 128. 11,
4111111111 Τ. 11, 888 181
Accurrit T. iii, 881. 1111, 818 4111 Τ. 1, 500. xii, 488. 481
4111111111 Τ. 111418. 1, 818. 8. 1114. 4111111 Τ. 18228. 111, 12. 1, 88. 11818.
88 11, 488. 111, 481
411111111Τ. 11811 41111Τ. i. l. 184. ii, 188. 11, 488. 11
4811111884. 11. 881. 111, 884. ix, 288. 111, 18. 188. 881. 848. mm.
188. x, 881. 8. 111, 1. 84. 4. 11, 81. 1111, 188. 188188. 480. 488. 888.
188 182. 11, 188. 2⁰& 811. 888. 188. 821.
Δωὼί T· 11881884 8191 1681 Tu· ⁶⁹²· ⁷1⁴· 880· 1601
Αωὼ Τ. 11, 148 ’ 118. 888. 11, 81. 128. 818. 111, 188.
41111111 Τ. 111, 18. 41888 888111. 8. 1, 4. 88. 11, 8. 41. 11, 8.
4881888Τ.111,814. ix, m ωε if, 61 ⁶⁵· 181849· ηε
Acabis 1. 11111. 1.,111. s, 1111 1111811. 11, 1. 11
Aoum. 11, 8. xi, 828 41111111 Τ. 111888
· 411111814121 Aconteus T. 111888
411111 T. 1, 888 4111 Τ. 111118
411111 Τ. 1, 48. 11, 488 411118.1, 8188
4111111 Τ. 11, 488. 11222. 111, 84. 8. 11, 4111 T. vii, 848 , ι ·
1.21. 4. 11888 4111111. 1, 8. 11, 888. ¹¹. 888. 8. 11,8,
4111111111 Τ. 1, 248 188. 11, 4. 88 ι
41111111.1,828 41111111 Τ. 11221. 11. 288
411111Τ. 1111111 ’ 41111118. 1, 1. 41
4111111. 11, 184. 18, 818. 11848. 8. Acrocorinthu· T. 111, 188
1,8.141 Acron T. 1888 ’
Achae 1. ri. 111 ,111. 1. 1111. 11111. 111. 111 111,
Aehm A· iiyuss ¹¹⁹· ὄπι iv, ⁴⁶⁶· su 8881 2⁸ w· ν, ³9

 

