hu

11111116

Duarum 8. 11, 8. 87

9116111. 1, 99. 11, 712. A. 11, 76

91111111. iil, 487. vui, 688. 8. 11, 6. 89.
111, 2. 6. A. 1, 216

91611111.1, llll. A. 1, 649

91111111.111,862. 8.11,8.77

1111111111. ii, 416. 111, 6. 621. 11, 224.
11, 662. 111, 688. A. 1, 117. 644. ii.

91161111.1,166. 11446. 111,446. 11,
89. 498. x, 998. 929. 111, 669. 8 111,

11161111. 11,161. 11, 646. 1, 216. 11,
189. 482. 811, 1. 221

Dubitanti· T. l, 176. 1111, 767

1111111111 T. 1, 891. A. 1, 266

9161111181,4.8

9116111111 T. 11, 869

911611111 T. 111, 126

91161111 T. 11, 847
91161161.1,266

Dubium T. iii, 464.“ 11, 116. 262. 111,
122. 742. 1111, 688. 1, 184. 891. 11,
m· soli. ,ι An· iv, ⁸· ⁴⁸· AT, ⁴·
21. A. 11, 218

91161111 T. iii, 42. 11, 774. 1, 466

Duc T. 111, 646. 11, 664. 766. 8. 111, 2.
mmmmmmuum

91111111 8.111,4.86

9111111 Τ. 111, 84

9111111111, 866. 111, 174. 8. ἰ, 6. 26.
1, 8. 21

91111 T. ii, 448. 686. 111, 282. 811, 8.

1111111.1,111.11,111.111.111. 11,
816. 416. 799. 1, 672. 11, 642. 1111,
687. 692. 11, 846. 11. 87. 622. 767.
111, 628. 646. A. 11, 261264

1111811111. 1, 862. 1, 662. 111, 686. 718.
· .1,6.26

9111111 T. 111, 647. A. 11, 46

91111111 T. 1, 866. 11, 641. 111, 612

Ducentem A. 1, 861. 698

1111111111 Τ. 11, 126

911111 T. 11, 466. 111, 484. 1111, 214.
871919211171298

91111111 Τ. 111, 616. 8.1, 1.18

ΜΜΜ1ΜΜΜ6
66. 846. 468. 626. 674. 11, 264. 268.
881. 699. 1, 86. 464. 629. 11, 198.
171942. 111, 119. 229. 869. 896.
488. 617. 11, 847. 1,126. 188. 761.
Ϋ1ω1ψψωω1

1111118. 111, 4. 6

Mffimummmm
111, 418. 11, m, v, ως, ⁶⁸¹1. χ,

mmlx

⁵⁹2 11, 6961 s· 1, 11861 111ι81611
68. 1, 1. 297. 1, 8. 111

Ducibus T. 11, 721. 111, 481. 111, 8. 62.
11, 98 ·

9111111111 8. 111, 1. 68 ,

Ducis T. 1, 821. 11, 817. 111, 96. 287.
11, 846. 1, 666. 1111, 682. 11, 664.
1, 266. 266. 861. 887. 462. 484. 111,

. 614. 81, 6. 66. 11, 7. 67. 111, l. 62.
111, 4. 68. 78. 111, 6. 2. 11, 8. 68. 11,
91511116· 11,61ω1 T, 1181. '5'-
46126

Ducit T. 1, 826. 11, 862. 111, 886. 1111,
166481. 111, 126. 164. 898. 8112.
11. 11,6. 29. 11,1.26. A. 1, 128.
674. 11, 66. 174

Ducite T. 1, 424. S. 11, 4. 22

Ducitur T. 11, 447. 11, 861. 1111, 664.
11,82.186

, Duco T. ii, 468. 8. 1, 8. 62

91111118. 11, 2. 48
11111111 T. 111, 449
11111111 T. 11, 161

'mmumuumum

1, 8. 788. 111, 876. 488. 11, 286. 1,
286. 11, 296. 826. 769. 111, 716.
8. 111, 2. 164. 111, 8. 167. 111,6.111.
111116111

Ducum T. 1111, 481

Ductorem T. 1, 886. 111, 828

Ducum T. 11, 864. A. 11, 78

9111111 Τ. 11, 441

11111ο1111111Τ. 111, 726. A. 1, 668

911111 T. 1, 494

91111111. 11, 446. 8. 11, 6. 28 ,

Ducum T. 111, 666. 677. 11, 88. 866. 11,
627. 186. 11, 269. 648. 719. 111,
187. 798. 8.11, 2. 69. 111, 8. 88. 166.
A. 1, 16. 488. 612. 11,117

Ducunt T. 11, 116. 214. 111, 696. 11,
711. 111, 766. A. 1, 878

Ducuntur T. 111, 626

Duelli T. xl, 282

9111111 Τ. viii, 686

Dulce T. 11, 786. 111, 682. 11, 86. 281.
umummfflumm.
mmmmmffimssmu
761. 762. 1, 486. 11, 869. 111, 268.
8. 1, 2. 68. 74. 1, 4. 66. 11, 1.188.
11, 6. 16. 11, 7. 87. 111, 1.167. 161.
iii. 216881 6111418119· 111,51ω1 6,.
6. 26. 1, 2. 6. 1, 8. 14. 99. 248. 1,
uuuum

9111111111 T. 111, 448. 1, 79. 81118866

91111111 8. 11, 7. 82. 11, 6. 84

Dulce· T. 1, 68. 866. 682. 11, 28. 748.
11, 62. 864. 481. 781. 1111, 228. 264.
mumummum.
71.11,2.168.11,7.184.1,6.86

 

