cxcviii

11, 1.100. 1, 1. 178108. A. 1111.
svamm 8. 1, 0. 78

Suu T. 1111. 041. 470. 11, 18. 1, 770.
111, 401. 448. 710. 804. 8 1, 1. 14.
11, 1. 01. A. 1, 818
81111111Τ.111,880. 11,871. 11,141. viii.
800. 11,480. 1,088. 11. 480. 800.
740. 111, 04. 877. S. 1118. 00
smum. 111. 11, 1111111111. 1.,11.
1,008. 111818, 1111, 48. 400. 848.
8111111. ..111, 111. 11, 111.
111. 1111111111. 811, 1. 1. 11, 1.
88.1,1.000

81311111 Τ.11,407
8111111.1.808.111,088. Δ.11,140
8111111 8.111,0.08

8131181810

&gammo

8111101111004

8111111 Τ. 11, 780. 111, 840. 8, 1, 0. 80.
81Ξ118110811, 408. 1111, 418. 1, 081. 111,

8131111111 Τ. in. 781 ..

81111111 T. 11, 084. 11, 78. 807. 111, 000.
780. 1111, 887. lx. 708. 8. 111, 0. m

Sugittisem A. 1, 418

8111181111 T. 11, 871. 8. 111, 0. 101

Sagittifero· T. 111, 084

anginis T. 11, 008. 11, 104. 800. 887.
881. ¹. 888. 8. 111, 4. 00. 111, 8.4

Sagunti 8. 11, 8. 80

&amam

81111111 Τ. 111, 807

8111 Τ. 1, 100. 8. 11, 0. 00

81111 8. i, 8. 8. 11, 1. 74

811111 Τ. 1111, 178

8111111118. 1, 8. 88

saliere T. 11, 800

8111111111 T. 11, 100. 8. 1, 0. 010

81113111 Τ. 11, 181 ·

811111 S. 1, 0. 1111

81111188. 1, 4. 101

81111 Τ. 111, 804

81111 T. vi, 777. 111, 47

81111111 T. 1, 881. 1, 800

8111111118. 11, 7. 088

81111111181, 8. 01

8170 To '9 ⁸⁵⁹0 ix, ω· Ῐρ “To A· ii,

811111 Τ. 11, 881. 111, 48. 11, 140. 1, 171.
400. 11, 088. 880. 710. 111, 8. 11,
000. 1, 084. 801. 111, 801. 8. 11, 8. 0.
A. i, 178. 11, 404

81111111 T. 11, 848

8111111. 11111. 111. 1.,111. 111. v.
001. vi, 00. 111, 440. 8. 11, 8. 80. 1,
²0 ¹· A· mm

· ’11111οΧ ³

01111, Τ. 1, 800. 8. 1, 1. 74. 111, 80118.
11, 1. 17. 11, 0. 100

811118.1,1.181

811111Τ.11,040. 1, 801. 811

8111111111 Τ. 11. 01. 1111. 0. 04

8111811111 8. 11, 1. 88

811111111111 Τ. 11, 10

81111111 S. 1, 0. 100

8111111118. 1, 0. 048

salutatum T. 111, 481

8111111111 Τ. 111, 708. A. 1, 87

8111111111 8. 11, 4. 00

8111111111 Τ. 11, 808

8111111111 8. 111, 0. 00

Salutem S. 11, 4. 10. 11, 0. 40

81111118. 11, 0. 81. 11, 0. 80

salutet Τ. 1, 888

81111ῑί11111 A. 1, 117

8111111111 8. 1, 4. 08. 111, 4. 08

&Tum S· 1,71 78

Soluto 811, 8.4

8111111Τ. 1, 88. A. 11, 88

Samon T. i. 081

Samothracen Aii, 188

811111Τ. 11, 70

811111. 11, 084

81111111 Τ. 111, 180. 041. v, 108. 110

81111118. 111, 0. 018. 11, 0. 10 .

8111111111 Τ. 111, 488. 8. 111, 818

8111111111 T. 1, 888. 8. 111, 0. 87

81111111 T. 11, 780

8111111 Τ. 1, 088. 11, 488

81111111 8. 11, 0. 100

81111881, 010. 111, 800. 11, 407. 1111,

8111117. 1, 840. 1111, 078. 8.1, 1. 80.
1, 4. 88. 111, 8. 00

8111111111 811, 1. 80 ..

8111111111 Τ. 1, 880. 11, 48⁶. 1,811. mo
801. 1, 88

8111111111 S. 11, 0. 144

81111 8. 11, 0. l

Snngnfiun 8111, 4. 41

Sanguine T. 1, 08. 080. 000. 000. 440.
880. 11, ow. 110. 007. 407. 488.
807. 881. 808. 800. 878. 880. 717.
708. 11111. 140. 084. 010. 088. 000.
080. 001. 488. 808. 000. 808. 844.

’ 11, 074. 480. mm. 881. 804.818.

800. 1, 08. 110. 180. 087. 808 et 11.
sunguine· T. 11, 788. 111, 70. 11, 007
Sanguineam T. 1111, 408
8111111111 T. 11, 480. 1, 8. ⁵9⁰. 1, 000
sanguinem T. 11, 484

8111111111 Τ. 1, 408. 111,108.014. 11,

081. 880. 11, 814 ·
Sanguinem T. 1, 170. 800. 11,Ἃο
8111111111 Τ. 111, m
Sanguinem T. 111, 4811. 1, 470

1

 

