111 8718711111.

1.*111ῐ1οΤ.11,847.888.1 111, 814. 11181. 7. 78. 111, 1. 88
480. 884. 11111111. 418. 748. 01111 Τ. 1, 118. 887 .
808. 111188. 11,818. 880808 11. 01111111 Τ. 11884 ·
²¹0 ΛΜ· ⁴⁷⁴· so i),- 881 ''Y‘' ⁸⁷· &umus s· 8, ⁸· u· Ti, Trwr '5 'Tun'

1.,1. ι. 1111111111
1111111111, 1111 s. 1., 1. 11

01111 Τ. 1, 818. 11. 88. 111, 474.. 1,

mamm

0111111 Τ. 1, 88. 888. 11, 881. 810. 111, 01111111 T. 1, 888. imm-A. 1, 871

148. 878. 11, 888. 111, 888. 11, 88.
148. 748.. x, 478. 111, 888. 888. 818.
⁴⁴⁷ m· s· 1, ²· w· 87, ⁴· 81 77²
114 v, 111. 1111. 111

81111111 Τ. 11, 708. 11, 188. 877. v. 8.
11, 888. 401. 470. 888. 111, 117. 848.
088. 881. viii. 888. 878. 887. 11, 88.
888. x, 888. 781. 11. 17. 888. 111,
888. 808 804. 711. 788. A. 11. 88

0111111 Τ. 1, 888. 11, 08. 808. 111,
m ix, 111. 11. 111. xi, 111 11,
888. A. 1. 887

0111811, 888. T. 1, 400. 11, 111. Δ.
1,888

0111118. 1, 8. 808

011111 T. 1, 4. 88. 11, 888. 8.1, 8. 84.

01111111 T. 1, 808

01111. x, 788. 8. 1, 8. 841. 1, 888

8111111. 1.,111

0118111 T. iv, 880

eandm& 8. 1, 4. 188

01181111 Τ. 11, 881. 11, 888. 111, 884.
11, 884. 788. 1118188. 11888148.
111, 1. 71. 111, 8. 141. 111, 8. 88. 11, 8.

Candido 8. 11, 8. 148

0111111111.11,1.11

0111111111 S. 1, 8. 81

0118181111 8. 111, 4. 88

0118118 11, 1. 41

candore A. 1, 818

0111 T. 111878 .

cmm 1. i, 111 1.,1. 111

01111111 8. 11, 4. 71

011118 8. 1, 8. 888. 11, 7. 8

01111111 T. 111, 141. 11, 108. 808. 8. 11,
⁴0 md ν, ⁸0 ΙΙ

ffimdflfl To Ι. m

01111811 T. 1, 48. 1111111

0111118.111,818. Am. ι’, 808

camum T. iii, 818. 8. 11, 7. ὓ. 11, 8.
188. 1, 8. 81 ’

cunuti 8. 11, 8. 10

0111111118. 111488. 11, 481. 1,8881.
1, 878

(3an. ihm

011811 T. viii, 888. S. 1, 8. m. 1, 8.

11111111, 111
1111111111. 1.,111. 1111. 1.,
008. 1, 888. 111, 788. 8. mm. ii,

01211Τ.11,818. 11, 878. x, 180. 888.

ο i, 188

0111111111 Τ. 111, 188. 1111, 848. 8. 111, 8.

01111111 T. 11, 88. 11, 881. 11, 841. 888

011111 T. 11, 888

0111111111 S. 1, 4. 07

0111118. 1, 8. 18

0111 Τ. 111, 840. 11, 48. S. ii, 1. 8. 111,
8. 41. 11, 8. 41

0111ρί S. 11, 7. 70. 111, 8. 111

0111188. 1, 8. 80

011111 8. 111, 8. 88

0111111 Τ. 111, 888

011111 8. 1, 8. 8. 888

0111111 8. 11, 4.8

01111 Τ. 11, 188. 811, 0. 08

0111111τηὶ, 888

cantu Α. i, 171

canum S. 1, 8. 187. 11, 4. 88

1311111117. 1, 808. S. 1, 8. 188

cantibus 8. 11, 7. 88 ’

catu Τ· 17,8Μ1 VT, m· s· 11, T· 871
111, ⁸· ⁴¹· 17181 801 TV, 71 ⁷· V, ⁸·
808. 1, 8. 88. A. 1, 8. 84

0811111111 11, 788. S. 11, 1. 8. 11, 8. 88.
iv. ³· ¹¹⁰· '0 ιι m· T. ³· m· m

Cngum T. 1, 888. 888. 11, 488. 884. A.

0111111 Τ. 11, 187. 1111, 888

cam· 8. 11, 8. 7

Capua Τ. x, 884

capaci T. 1111111

01111111. 1111, 808. 1, 811. 888. 18,

01111111 Τ. 111, 848

Capaneu T. 1111, 748. 11, 181

0111111111. 1, 48. 111, m. 848. 11,188.
pmmmmmmm
Ammfflmmmm

..11111111111111111111 ,

78. 848. 111, 708
Capu T. 11, 419. 881. 8111. 1. 88
0111 A. 1, 870
1111111111 A. 1, 487
1111111117. 11, 708
01111111. 11, 108
cmm 1. ix, 111
cupam T. 11, 188
0111111117. 111, 871
0111111111 Τ. 11, 807 -
0111811111 Δ. 1, 88. 480

 

