1111 11111111

811111111Τ,11,886. Simo 88.11,8.86,11,8.68,11,6.16 ’
61116111811118 Seno S. 1, 8.88
811111111Τ,1,888, 111886. 868,,66611, 8111111118.1,8,188
818, 11,888,111,668.1111,868,868,8111618.1,8,166
11888.1,.88811,668,111,668. 8111111111· 11,888. 11888
688,.1,1,,16811,886 81111111Τ.11,88,111,666.11,166, S.
SenineT. 11,688 18818 A ,886
811111111111811111, 1,866,111 811111Τ116886,,1,8188 111, 88
868, 11, 861 8111111111Τ, 111881
81111111Τ,·· ιι, 668. 111, 666, 11, 86611, 811111111Τ,1111,116
681.118,8,1,8,6611,8.86,111, 81111118,ι,88,888,11,86.11,168,
1, 86. 1, 8.81, 81868 868. 1,886, 11, 618, viii. 866. 886.
811111111Τ. 11, 681 11, 886 1,18611,886,6688,1,1,
8111111111118,11,868 68. 11, 1. 861. 1, 8. 81, A. 11, 816
6111111118.ιιι,811 8111111Τ. 1111, 688
minatus. 1, 8. 168 81116111Τ. 1, 886, 1, 688. 886, 11, 188.
8111811188, 8. 88 111,86,818.8,11,1,118.166,11, 6.
8111111118,1,,188,1,6,,8111,,.188 8,111,.,,.6161186
11, 668,1,8,16 8111111161Τ. 1, 868· 118 866, 111, 66. 888.
8111611118,Ι 11, 8. 81 881. x,58⁰'. 111,188,816
81111111Τ,11,,818 8,11,,,866 111,1,81111111Τ11886
188. 1,1. 168 81116111,’111118116611111 111,
8111111111116,1811.11,1ι,,866 868. 1111, 88, 11, 166, Amos
8,1,8,116,1,8.8,,681118611, 811111111Τ1188 ·
866 1, 8. 886 81111111Τ, 11, 816, 8,11, 6, 86
8111111111Τ,·1,888,11618111868, 81111118,11,8,86
11,888, 8111,8,18,166,11,8.16Ι, Sentit T. 11, 616, 11, 888688, 1111,
1, 8. 888 mm. 11,186. 866688. 1, 885
81116111Τ,1,6818,11,..,,11181118 686,8,,,16888
166, 1, 8, 86 811111111Τ, v, 188
811111Τ,111,186,1,868. 111686 1, 8111111161
666. 11818 8,11,,888, ’,,11866 811111111Τ11888
16818866 , 81ρί18,,.11881
81111111181, 6. 68 8111111618· 11, 8, 166
8111111161, 8, 818, 11, 8, 168 · 81111181, 686, 11, 81811, 888
8111111118,111,8,166 81668111118181, 8, 181
semita.. 1, 188 8111111111111818111, 6. 81
sennenntsffl 11, 8, 88 SeptemgeminoSiv, 1. 6
811118.·ι,181,811,8,11,,811 888, Septemp 1111Τ. 111, 816
111888,116868,1,,8868.1,1, 811111111Τ,111,88,1,.86 11,6,66811
868,,18,1’61,Δ.1,168 6,88,,18,86 “
81111Τ,1,888,11,868,11,,6618.11, 8111111118Λ8Λ86
8.88 SeptimuT'. 111886 111668, 8.11,1.
8111161111 1, 881 186, 1,8. 8
8111111118,1,8,861 81ρῦ1111118,·11,6,88
8111111811, 688, 8111, 8.18 811611111811668. 1111868
81111Ιί8,1,8,866 8111111Τ,1,866,8.11,6.8
811116Τ,·11,88.866.1ἰ’11, 868, 8118, 81ρ11111Τ,11,886, 111866
86 816111Τ,··11,688 11, 881 111, 688. S.
8111161Τ,1,,,886881,688 ιι 81181 1,,188
111, 818, 888. 868, 11, 888, 866. 811111111811Ι 8. 118
111,868.888666,11,186.868,111, 8111111111Τ,111,88, 11118. 1111188.
888811168188811186 11,168,866,111,888881,,8111,8.
1118881886116188811868 816,8.,,186161,86
811111Τ, i 681 ,1626111868 11,1111111Τ,11,16688,111161688,
888,,811,,,816611,,661.11,8 11,,8168
86. 1,8.118, ,11111111 8111111111Τ.”11,88, 1, 688, 11, 618, 111,
8111111118,·1,866.861,1111811816. 888.11,666,1,881.111,181,886,
1,81,11,688,8,1,,888,111618. 818,8,11,8,86,111,8.816,1,1,16.

 

