⁰ cxxii

1111111161, m
1111111 Τ. 11, 516. 111, 154
latuerunt T. 11, 281
11111111 Τ, 111, 820, 1111, 720
11111111, 578. A. 11,80
1111111Τ,11,114. 6.1,1,12
hunum T. 1, 286
1111111Τ. 11, 67. 11, 561
usum 1, 111. 111. 11, 11. 111. 111.
408.666.111,66.596.11,41.67.160,
, 868. 461. 796. 11, 514. 629. 660.
672. 594. ⁵:08. 760. 660. 660. 111,
602. 607. 744. 1111, 290. 666. 698.
722. 11, 164, 804. x. 841. 111, 272.
111. 11141. 11111. 11111.
111, 111. 111, 2. 25. 111, 8. 65, 120.
11,2.51.11,8,8.11,4,8.68. 1,1.
60.161.167. 1, 2.164
11116111 Τ. 111, 406
1111111111, 178
611111Τ. 11, 486. x. 716
1111111 S. i. 5. 66. 11,2. 20
11111111. 470, S. 11, 7. 18
. 111611111Τ. 111, 788. A. 11, 402
- 1111616116. 1, 4. 05
,1111611611 T. 111, 716. S. 1, 6. 276
.11161111 T. 11, 821. 1111, 284. 11, 711
·1.1161111111Τ. 11, 588
,11161111Τ, 111, 670. 1111, 227. 6. 1, 2.
111. 11, 1. 11. v, 1114
ο211111167718.11,1ι115
,111611Τ. 11, 185. 111, 722. 1111, 455.
6,11,2.1. Α.1,676
4111111151111.1,111,1.1.ν,1,
266. A. 11, 167. 272
-11161116.1,1.11
-hudutoS 1, 6,67. 116
· laudatos S. iii, 4. 6
· 1111611116 11, 70
.11161116, 1, 2. 88
.11161111Τ.1111,166
--11161Τ1654 11, 206205. 111, 104.
18511, 458. 1111, 564. 11, 704. 6.1,
·11ὶ1ἷ6111Τ,,,11,574, 6.1,8.81.1,4.85.
1 5.08
-11161111116, 1, 1. 61 “
.111611Τ.1,46,11,820. 1111,170. 6.
1, 8. 250
· 1111111631, 1. 86
- 11161611Τ.’ 11, 428. 1, 701
, 11111.Τ.1,111.1.,141.11111111,
111,7..,2540666 6,1,..1581,.8
’, 111111Τ,1, 240
·1.116111Τ110666.11,1,.8611,6.
55.11,8.158,11,660,1,8.165.
11, 111 111, 11111

num

111811Τ, 111, 414. S. 11, 1. 162

1111111 S. 1, 2. 244

1111111116.,1, 2, 168

laurentibus S. 11, 2, 2, 1,2. 114

Laurenti· S. 1, 8, 88

huri Τ, 11, 270

laurigeri T. 1, 42, 1111, 174

laurigero T. 111, 526

111ῐὶ311016.1,509

Lnuro T. 111, 105, 11, 508, 11, 666. viii..
127, xiim. S. ἱ, 2. 227

111111Τ.111,651. 6.1,2.181. in&

11111116, 1, 2. 00. 1,8.0

11111172 111, 707. 784. viii. 208. ne.
1,.646111,492.6.,11141.11,2.
0118.110,118.11,4.47.11,6.
08,1,1.,,881051,.5.28 Λ,1,16

.11118, 1, 2, 68

th.ffi.z.w1

1111111111 S. 1, 6. 82

Lm T. 11, 70. 111, 724. A. 1, 608

hubam T. 111, 254

11116116. 11, 201

111111Τ. 1, 185. 550. 11, 561. 111, 412

Lumen! A. 1,200

11111111 T. 1111, 640, A. 1, 554

lame T. 11, 577. 11, 881. S. 1, 4. 76.
1, 1. 109. 266

14111111Τ. 1111, 244

11111 Τ. 11, 180. ix. 660. 584. 1,746.
S. 11,4. 16. A. 1, 627

Luat· T. 1, 686, 11, 870

11111111Τ. 1, 480

1111117.ι,146.11,511

1111111116. 11, 4. 88. A. 1, 420

111111111Τ,11. 1. 1111, 722

1188681111 Ti, 6651 61614601 'ST' ,ὗεν
11, 541

111111111Τ,111,80

11..17.1ῑ,411,61,111.16,717

ῙΛιίΤ, 111, 141

LuoT. 11, 446. 841. S. 11,5 6

11111Τ,” 11, 168

111Τ, 1, 414 -

Ι 1111161204 111887

1111111111, 411

leonum, 166

1111111116Ι 111, 167

IaebndinT. 111, 845

ΙιτΙιεοἎΓίἰ, 881. 111,,07 111111

1816111611, 8,50

IaectaT. 1, 581. 11,408,11,826,11,8“1.
Si. 1. 40

11811.ν,1116,1,..1111 1,.180

laeuum· ι, 600

1116111111411

lactinae& 1,1. m

 

