1ss 11011 Ι

1,8,47 111,188111.770.8.1,1.107. 118.
DtmssntT.8ffi,ffl 85.17.8. weu- 8111 83198. Vst-
81811118818188. 1,1.’188 00. 144. A.' 1, 888.Ι 11, 870. 480
Duum T. 11. 88 Darem 8.1,8.11
Ι)...1.1.1.11,111.111,1111.11,1. 11111111Τ118888.1,.8.401,8.70.

118 v, 1110
ΒιιιιιιιωΤ1ἰ...,.80181818 ΒυοιΤ.11,480.8.111,8.84,,.1181.
8111118811. 1. 81 1,.8 47

1111111817.” ιι. 880 81111Τ.“111,444. 11, 881 11, 770 8.

- Ῑ)111111111111Τ.1,47 11,7..841,8.88

8111111118. 11,808 11111Τ.111,818.884. 1888
Βιλπῃ1111ἑβῃ1188 11,.88111, 888. 111111.1,ι’.11.11,1.111.11,.111.1.
ιι 11, 887

DmuitT. 111. 484 1111Τ.“ 1, 87811. 10. 188. 188. 1, 888.
01111111..1,01.8.1,1.1011 884. 888708. 11. 107. 881.887.818.
Βιιιι1108.11, 1. 188 111, 788. 11. 478. 708. 888 x, 17.
Damnosus. 1,4.7 488.8.“1.8.888. 11,8.18.118. 111,
111111111Τ.11,888. 1,48.11,788.8.11, 4.88.11,8.88.1.8.188.1,8.188.

884. 111. 8. 8. 11, 7. 88 A· 1. 188. 881. 418. 418. 11. 818
Dum nii, 481. 11188. 11,180. A. 11111Τ.111,10.88.88. 11, 4. 878. 1,

11,810 887. 1111180. 1, 788. 888. 8. 1, 8.
1111111811, 1. 1111111. 11,888. 1, 81. 11, 7. 00. Ai, 488. 11, 118

714. 8. 1, 8888. Δ.1, 888. 447 111187. 11,11
11111117. 11, 887 111117. 1, 487. 788. 8. 1, 8. 881. 11, 8.
1111118117.1.884.111,884.111,188 7. 111, 8. 88
111118111Τ.11,488. 1,888 114117. 11, 178. 478 ⁸
11111117.11,888.11,188. 11,804..888 1111117.1,884. 11878 fimes. 11,

888. 111, 888. 1111881. 11. 141. A. 884. 880. 111,47. 181

108 888 11,888 1).1.1..1,1111.11,111.ι,111.1,1.
11111117118481111808111,808800.11,180.888

718. 8.,1818. 11, 880. 888 18111111Τ.1,488. 111,18. 81.,18.180
11111111.101,111.1.,1111.ι,111. 1111111117,τ1,848.480 11, 48. 1111, 801.

811.11,808.888 11, 488. 111, 481. 488. 8.11, 1. 84. 111,
Ῑ)ιιιιιιιιι’1’.ι,18.81.808. 111,.80 A. 88888 ι

1,880 11111117. 111, 818. 488. 401. 188811.
111111111Τ.1,848. 1.818 880.111,818.1,.814 11,878.111,
111111Τ.’11,111.11,.,.88148011,.880 771..81,8.·.801...488111,.880.

881.111,78.877...48048811878.187.111,8.4.8.118.18

784. ι, 11. 877. 888. 01111111. A. 1111111117, 111, 780

1,188 8111111181, 808

1111111118 111, 800 Ι)1111111111Τ.” 111, 818
111111811μο81 Β11111118.111,8.187. Λ.1,88
810118118408. 11,807. 1,101. 1111111Τ.11188 1,117. 111,818.11,

11118481808181881848 18811188

04111..8011.4.4.111,1.78.1118 81111181Τ.111,844

10710811,8..8 1,1.181.11.1,1)111118.,.18188

180. 184. 11, 884 1111811, 808. 11, 888. 1111, 470. 11,
mmffl,nn m.ffl=wmmffl‚m.
1).ρ1111αΤ.1111,484 800. 8111, 8188
111111111Τ1714 DeaeT. 1,.4 111481 11710 1,.80
1)ι11111118.1,8..,.18818188 187.11,88.1111,.8001,180.188.
8118111181,8.48 184.881.11,804..478 111, 481. 81,
Βι111111188.111,1.81 148184841481.8.18.
Dumium. 1, 80 111, 4. 80. 1, 8. 18. 811. A. 1. 108.
1111111118.1,1.0 888. 11091111. 848
1111811111818 108.1,.8178 1111111..111,111.1ι,1111.ι,111.040
8118111181,’..1888781,81 8.1,..81411..8.88.818.1.818
1111111181 1118487 11084. 11111Τ.11,888.8.1,1.180. 1111888

 

