11 11111111, xci

Genng. ..1,767 666, 1116.Ι 11, 166. 6111111111766717 111,761.11,616
7 1, 76. 1,166

. 611111171766. 1111111. 111716.
6111111116.111.161 666,616.11,116,11,,666 111, 66.
6111111111Τ. 11, 761. 11, 7. 61. 11, 6. 7171111,766.1,1.11,761,111,666.

16 776..61,.666.11,7.16.11,..·6166
6111111116511,7,11.1,7.77 1,6.176. Α.1,.11611,111.
6111111117.1,,116 11. 617, 111, 616 61111Τ.11,.712 1766. 6.11,7.18.

11,117,111,676,Α.11,661 1,.1716
6111111163 11, 1, 61 centibus T.' 111, 161. 216. 666. 116,
6111116111,116.Α,11,161 167. 11, 716. 1, 776176. 677. 676.
6111111611Τ.111,616, 6.11,7,67, Δ. 111,]66, 1111, 616. 11, 11, S. 1, 7.

1,116 166. 6176711161
6111111116. 1, 7, 771 61111117.111,111.11,616, 1111, 177.
6111166,1,1,66.11,..1776,Λ ,116 1,616.111,666,6.11,.76,111,..61
1111111111111111. 1., 111’111.111,1.11,.,1 111
61111761,676,11,76666671611,6111111116.111,7,66

666. 11, 676, 666, 111, 666, 1111, 217. 61111111Τ. 11, 766

166. 1666, 6.11,,166.11,7,166. 6111111117.11,176 ,

1, 7. 66 61111111111Τ. 11, 676. 11, 161
6111111116.““ 11, 6. 67. 1, 6. 76 61111117117111111.1111111
6111111117111, 6661666 611111.1,1,111,11,111.111,..,11
61116616117, 177 666, 1, 661,117.717, 11176661,
6111111117.Ι 1, 66, 661. 11,116.111,666. 1117111111111, 11,666.611.

686. 11,616. v, 676. 11, 61.166, 767. 1117161111111. 111, 66.

111, 176, 6116661766, 1.666.666. 176. 761. 616, 716, 611171. 117,

111, 11, 11, 111. 1111111. 111. 111, 11 111111. 1.,111. 11111.

61. Sd, 1,·11, 11, 161. 176. 1116. 11, 161

761,11,6.67.1,7,61,1,6,6.61,76, 6111161176. 11, 117. 666, 11611.

767771. v. 6.11. Δ, 1, 61· 166. 6.1,1,66

,761 11, Tw- 28⁸ Genu· Τ. 7, 6661 VT, m ,16611701 k,
6111111111Τ.11,17. 111661. S. 111, 6. 17.1,676

166. Α. 11, 716 6111111611,7,66
Genitori· Τ. 1, 666. S, ’111,6, 76 Gonni T. i, 76. S. 111,1. 16
61111111Τ,11,161. 6,11,6.16 611111111Τ.111,616. 11,67. 6. 11, 1.
(1111111111.11,111 61.67,111,6.116
6111111161, 121. 661, 111151, 11666, (1111117111, 1. 111, 1, 6. 771. Δ, 1,

1,716, 11166666. 111, 666666. &o

667. 611. 1111, 61. 667. 11, 661, 667. 61111Τ,1,716.677,11,717.676, 111,

76119111111161.11711116, 771. 766. 1, 777. 661. 11, 667. 111,
› 616.676.761,111,161.666. 6.1,7. 171,11111,667,ι,776.11176 111,

1111111, 11,6.71. 11,6.86.111,6, 616666. 111, 166. 11,1.76. 717.

¹⁰8· '0 1⁹⁸⁸· 7, 8· 6512081 Α· i, 666, ⁸· “0 1¹⁵· ¹⁴⁴· TV, 81 ⁸0 Τ, ³·

111. 171, 676. 666. 11, 661. 766. 117,Α.1,766

671 61111117.11,766
61111111 S. 1, 7, 77 (ierunt T. vii, 661
61111111·11111111711111116. 611111117.11,116

111,1.76,11,1,661 611117, 111, 761
61111116.“111,1,76,11,6,16. ν,1.71. 61111111Τ. 1,116

167 ; 611111761,166,11,7.116,111,1611,
6111111611, 6. 67 177. S. 1, 7. 66
61111 71111111, 661. 11,766.617,6111111111’1.1,.66 11, 611

6661116661111666. 11. 616. 61. .(1111111116,1,1.16

667, 111, 677. Ι6,111,6.116. Α. 1, 61111116116.111,1.66

767. 166 61111 6.11, 6. 116. 11, 1. 7
6111117111666, 111,111,11,1111,11, 61111Τ.111,666

76,11166111,676,1111766.1, 6111Τ11167

7,.7611,6.76.1,6,.1761111, 61111Τ.11,766

177 111111,1,111.11,111.1ι,11,111

 

