ὴ

174. 8.1,5

Aeta 8. 11, 8. 50. v. 2. 128·

Am Τ. 111, 175

Actu· T. 11, 757. 111, 190

8111111 Τ. 111, 404. 471

Aetam Τ. 11, 455

Acti T. ii, 525. viii, 590

Attin 8. 111, 2. 120

11111111111111. 11111. 111111
v. 120. 508070. 1111, 557. 11, 422.
111584. S. 11111. 1,1. 109. 8.1, 175

Actor Τ. 1111, 152. 1, 297. 515. 529. 11,
558. 8. 11111)

Actora T. 1, 250. 257

811117. 11, 449. 8.11, 4. 51

Actu T. 111, 187. A. 11, 157

1111111. 1, 222. 1, 702. 111, 442

81111Τ. xii, 591. 575. 074. S. 111, 1.
154. 111, 5. 70. 11, 4. 58. 72. 11, 0.
⁴n. 1111111111. 11111

Actutum Τ. 1, 280

Acuent T. 11, 515 ,

1111111. 11, 111 1111111

811111Τ. 11, 228

111111111111111 8.1, 221

80111155’1’.11,580. V, m· ,116881 s· '2

8011111111 Τ. 1, 19. ι, 527

80111111 Τ. 111, 019

8011111111 Τ. v, 517

8011111111 Τ. 11, 277 . 111, 200

8011111111 Τ. 111, 10. 11, 554. 111, 08. 8.
1, 2. 09

8011111111 T. 1, 590. 11,500

80111110 8. 11, 4. 55

1111111. 111, 111. v, 111

Adde T. 111, 259. 111, 108. 11, 547. 8.1,

Addere Τ. 1, 179. 111, 217. 472. 11925.
111, 285. 111, 95. 8. 1, 009

80010101 Τ. 1, 029

Addidit Τ. 111, 447. 11, 901. 8.·11,0. 75

80011111 S. 111, l. 151

8001513111 8. 11, 4. 25

80011 Τ. 11, 579. 1ν,82. 199. vi. 450.
Qmffimmmmm
111. 111111. 1. 11, 111 ,

1111111. 11111. iv. 11. v. 111. 111,·
210. 1, 54. A. 1, 292. 055. 11, 141

800111 Τ. 1, 22

Additur T. iv, 420

80011111 T. 1, 55 viii. 181

11111. Aaou. 1. 1, 111
80011111 Τ. 11, 255

Adducti! T. 11, 422
Adducto T. 111, 594
Addunt T. 11, 149. 8. 1, m
Adegit T. 11, 20. 8. ν, 5. 119
80111111 T. 111, 102

11411118

80111111 T. 1, 027. 1,002

8011111 Τ. 11, 075

80111111 Τ. 11, 512

80111111 T. 11, 208. 8. 11, 0. 85

Ademtum T. 1. 405

80111111 T. 111, 554. 11, 55

8011111111 T. 11, 215

80111111Τ. v, 170. 501. 11, 912

801111 Τ. 11,15. viae. 1,057. 11, 205.
S· 1, 2. 24. 111, 1. 55. 8.1, 159. 11, ·

Aderit T. 11, 501. 1111,121. A. 1, 551

Adero T. 111, 515. 8. 111, 1. 112

Aderant 8. 11, 2. 120

Aderant T. v, 240. 1, 215

’ 8011 T. i, 81. 111, 507. 111, 59. 11, 548.

1.11,1.111.111,1.11.111,1.1
801111Τ. 1,97. 1, 140. 285. 8. 1, 1.
80111111 S. 111, 2. 95
80111118. 1, 5. 210
80111Τ. 1, 215. 111,247. 1,750. 11.
111. 111, 111. s. 11, 111. At. 111

- Adeste S. 111, 5. 12

80111101 Τ. 11, 744

8031111111. 11, 247

801111111Τ. 11, 727. 1, 520

80111111οο 8. v, 5. 85

8011111111 Τ. 111, 80. 11, 050

8010011111 T. 11, 40

80111111 T. ii, 251

8011111 T. 1111, 200

Adici T. 111,4

1118111. 11, 111. v, 111

8011111111 8.1, 108

Adiit T. 11. 540

80111Τ, 111, ot. 111, 542

8011 Τ. 1,257

Adimam T. 111, 551

801111 Τ. 11, 00

8011 T. i, 591. 11, 40. 1, 215. S. 11, 0.
47. A. 11, 72

Aditus T. 11, 570. 1, 715. 11, 752. 1,
554. 8. 1, 001. 11, 02. 570

Adjunctn T. 1,241

80111111 Τ. 111, 150

801111 Τ. 11, 592

Adjuvnt T. iv, 080. 1, 202. 11111. St
1, 41111

80111111 Τ. 111, 448

Admeto T. 11, 541

Admeto T. 11, 881

8011111111 8.1, 8. 272

Admetum Τ. v, 455. 11, 470

Admetus T. 11, 552. 571. 455. 440. 401

8011115111 T. 11, 05. 8. 111, 2. 05. 11, 0.

8011111111 T. 11, 270. 8. 11, 0. 51

8011111111 Τ. 11, 150

 

