111 11111011. 11111

11111117. 11, 96. 111, 141 166. 11,616. 11,6. 169. 1, 161.
manti. 1. 1., 101. .,110. 111111 61111
mantibus T. iv, 661 110010101611 Τ. 111, 666. 1111, 664
11111Τηί 666. 611,1. 4 Ηο1111118.11,6.67
7111111016.1,1.114 1101111116· 11, 6. 66
1111111Τ.1,166.666. 11,676.1111,16.1101111116.··111,1.6

167. 661. ι,44. ’11,68. 111, 646. S. 1101111111Τ511,664. ι,686

11, 1. 617. 11,6. 16 1101116141.6111611111.
11111111Τ.1,.66 11,67. 111 67 766 ιι, 841. 1,.116 11, 7.6 11166. viil,

666. ι1, ’176. 111, 648 671. 618. ι, 667. Si, 1. 16. 11, 7. 6.
1111111111Τ.111,641.11,116.11,666 111, 616. 1, 6. 66. Α.1,76.66’6
1111111118111, 6. 64 1100011711666. 1, 46. ’8.1,.496
1111111171· 11, 616. 1, 661. 1111, 666. 11, ΗοοοηΤᾙ 11, 666

666.1116798.11,.616.1,1..146 1101101118.11,.169

1, 6. 66.’ A.' 1, 617. 616 110110111ιιιΤ.· 1, 666
11111’11Τ.11,666. 1111, 696. ι11, 617 11011011Τ. 1, 666. 1111,166. 6761, 788.
11111111Τ.1111,,191..66711666.,ι 11616811166116661116

6161111686. 611,..166168.11,6. 166.1,.6166..1,.1 m

66.11,666.111,1.166.·11,6.49.11, 7100011111Τ.1,661.666.666. 11766111,

8461166 1676161161 666166677116966 11461

668 667. 766. ι, 666. 111, 164. umor.
1111111101.1111,694 716.6.1,6.11.111,1.166.111,4.1.6
Η1ρρ1111111Τ.111,666 11, 1. 66
111ρ.ροι11111111117 11, 476. 667 1101111111Τ.· 1, 676.· ι1, 86. 11, 167. 666.
ΗίρροὰιῐιιῑιιΤ. 11,648. 467. 668. 466. 491. 6161111668. 11,67. 11, 686.

478 111, 696. 816. Si, 6. 116. 1,4. 169.
111ρρο11117.· 111, 664 666 111, 1. 146. 11, 676. A.' 11, 644
1166611111, 167 Honori Τ. 1, 7611. 11, 66. 111, 676
111ρρο0116011Τ.,144.11,169.1,.666 6661176661, 6146166

666. 11, 664. ’696 764. 768. 614. Ηο0011601Τ. 1, 741. 8.11, 6. 1

111, 466. 641. 1111, 744. 11, 61. 166. 11010111Τῇ 11, 664. 11, 666

196. 666 694. 614. 644. 668. 11, 166 1101101οΤ, 11, ’66. 111, 696
ij ρο11160111Τ.1ι,146616666466. 1101110118. 1, 6. 176. A.' 1, 686

’661. ι, 768. ι11, 166. 764 1101101Τ.’ ι, 166. 678. 699. 66611, 1616
111ρο0111111011111Τ.· ιι, 164 676. ι, 67 166. 17646611, 111111611111.
Hip ρ.011111111181, 6. 66 1,61666611,161.111,666.1111,
Hip po.udaeT 1111698 68..686 ι, 646. 646. 711. 11, 668.
111111Τ.11,664. 8.111,1. 16 1111111161616111611.
11111118. 11, 6. 66 169. 666. 11, 1. 66. 11,6.66. 11,6.
’11111018.11,6. 11 66. 111, 6. 6666. 616. 111, 6. 94. 11,
11111016.1,’466 1. 9. 67. 11,644. 11,6.66.91. 1,
Η111111Τ.1ι,66.869 l. 16. 66. 1, 6. 66. 666. 1, 6. 66. A.
761ρί61 Τ. 11, 666868. xii,6⁰9 1, 687. 666. 666. A. 11, 166
11111 11 Τ. 11, 766 110’ρ.11ιΤιι, 664. 1466466
1110111 Τ. 1, 66 11ορ1101Τ. 1111, 767. ι, 647. 666. 676
11101111 Τ. 11, 466 666
1101111108.1,6.66.169 11011Τ.1,.676 1111166166. 8.11, 1.
Hominem T. 111, 141. 1111, 94. 11,16. 64.11,6.79

11161611 1116166· ⁵³³³· 611111..

1 ιι, 111 1111

Ηο1111111Τ.ι,666.11,466.111,666.1111111116.11,.667

6.11,.1666.111,.616.11166 A 1101111116.11’,6.61

1, 616 1101110417.·11,461.11, 686. 111, 676.
1611611311101. 11,696. 1111, 666 61676. 11666 Aa, 169616
1101011111Τ. 11,666 ii, 668
71011111111111Τ.Ι 1, 66. 666. 111, 697. 416. 1101111411Τ. 1, 96. ιι, 788

641. 114694. 111, 766. 1111, 66. 1101110617.1,466

666. ι, 766. 969. 11, 668. 676. 111, ΗοποιιάἰιΤ.· 111, 666

111.1ιο.111..0111’.1,1..0οι11,.1 nomm. .1,110

1117111. 11 7116111. Iud. 6111. N

 

