cxxviii

ΙιιιοῐάιιιΤ. 111, 468. 1, 978. 11, 888. 8.
11,7.199

Luciferi· ιι, 189. 1, 991 11, 989 111,

1886118111, 89

Lucium 16, 189. 1,111. 8.1, 9. 2oe
111,8.19911,.899.11,1,674

11111181, 981, 888. 11,191. 111, 68.
478. 11, 989. 494. 489. 486. 881. 1,
989. 999, 11, 717. 1111, 887. 1,699.
889. 11, 888. 111,199 8.11,7. 16.
111,8.88.11,6,89.1,9.16.Λ,
11, 989

8111οΤ311, 498. 848. 11, 9611, 198.
8.,1 8. 119. 1, 8. 8

81881111ιΤ.111,8Ι.8.1,8.89

ΙιιιοιΤ. 1, 881 11, 89. 111, 889. 116,
198. 8.1,4.89 111,1,941111,8.194
111,.,19111,8..18811,4..171,.8
18. 999. A. 1ι, 846

nuent· ιν, 889. 111, 464. 8.1,.889

8181881111, 779

LucmeT. 11, 897

Ι.ιιειιιιΤ. 1, 817

1111111118.Ι ιι, 7. 76

1111111118· 111, 1. 189

1111111118· ι, 9. 964, 1, 8. 84

LutdnumS'iv,S. 118

LucroT. 1, 818

LucrumS. 1, 8. 947

111111161Τ. 11, 884

1116161161661

ῙιιιιιιιιιιιιΤ. 11, 481. 11, 964

Lucani. xi, 1189. Λ,1,888

liuentem 11, 899

immod( 11, 48

11111811·1·.11,771. 1, 1981111. 11,
898. 798. 111, 188. 811611. 111,

Laetificis T. 1, 889

LuciuT. 1, 468. 694. 11, 446. 11, 878.
1, 891. 11, 189.111,489.·ι1,179. 1,
868. 11, 968. 718. ιιι, 188 989. 8.
1,8.9111,.1999.11,7.891,1.

hictus T. ii, 987. 111. 196. 1, 919. 976.
817. 888. 797. 786. 11, 199. 991.
1111, 889. 679. 11, 869. 1, 888. 111,
98. 987. 798. S. ii, 1. 18. 99. 11, 8.
18.11,7.188. 111,1.178. 1,1.99.
1, 6. 98 ,

Lucum S. 1, 8, 89

LucusT. iv, 784. 1, 189. 1, 86. Δ.1,

1111111118. .1,9 967

8111811198

818371111Τὶ. ..v 998.8.11,1.181. 111,
Ludere S. 11, 6. 49. 11, 9. 8

111118Χ

1818811, 7. 86

Ι.1611)1118.11,8.8

1118118· 11, 9. 6

1111111818 14 8.,119

1111981174.111,179.1,198.1111,
919. 8,.894 81998819

1116887..ιρ

1116111211, 799. 11, 874. 11, 819. 8.’

1, 8. 88188 ιι, 149

Luent'l'. 111,118

heremi, 989

LuKsT;i,A⁰l.‚ 1, 884. 11, 974. 898.

ιι 448

11318111Τη1698

LugendtT.' ιι, 81

1111116181, 6. 9

1131161181489

8131117511648. 1, 617

1111116Τ,111,98

Ι.111 31111181, 966. ix. 687

LugeniinS. 11,9. 88. 111, 8.8

Lu ge.niumS 1, 8. 49

811111Τ.11,899.1ιι798.1,.4.49
11,1.84. ’,864

lnge ιΤ. 11, 184. 111, 189

Lu gubre'h' ι11, 86

Ῑ.ιιίιιιιιιΤ. 1111, 818. xi, 979. 8. 1, 8. 8

Lame· ιιί, 199

Imm... T. ι. 46. 11,81. 897. 848. 111,
68. 129149, 11, 867. 1, 894. 649.
798. 11, 896. 111, 468. 698. 1111, 168.
666. 718. 787. 767. 11, 881. 691. ι,
117. 898. 698. 698. 11, 884. 864.
496. 616. 111, 49. 896. 469. 8.,11 1.
194. ἰ,9...1998 1,.449.1,6.41.
111..4911611,9.199. 11818
111,9..,.8911187.1,..11819111,16.
84. 11,8.16. 1, 8891761116.
ιιι. .,ι.ι. .,ι.ἰιι., v ι. ιι ,4.
T, 2³⁴· ⁶1⁴· ’81) 891 1²¹· ²T⁶n ῆι,

LumineT. i. 919, 11, 18. 961. 111, 877.
11, 881. 888. 1, 898. 666. 1111. 689.
11, 788. 899. 1, 68. 848. 887. 11,
897.111,819. 8.1,..1871,..4119
111,.198.11,8.11449.1,1.149.
986.1,..91941,.888.Α.1,884.
11, 99. 187. 849

inminibus T. 111, 81. S. v, 4. 17

Luminis Τ. 11, 719

Ι.ιιιιιΤ. 1, 879. 11, 978. 11, 989. 111, 8.
81,4..8711,..887111,8..8811,.9
99.11,8.1.71,..998 1,,.889 A.
1,699

ΙιιιιιΤΓιι, 88. 889111, 48. 888. vi.
989. 8.111,6.191. 11,4.98. 11,8.
ιι. A. 1111

Lunarem Τ.1,988

huam Τ.1111,189

1111111111Τ.11,984.111,997

ι’

 

