lunum* a

leun 1. ir. 111. nimo 13111111. 111. ιοι. 11110. 11, ‹n-
111110011111 , 111111. iv, 2⁶⁵. 111111. v, 111.
1010111110 111. 111. 11111111. vii, 111111·
1011111111 111111.1111111111111111·
11011111. ix, ³⁵2. ..111, :mse 111. uma. 1111111111. xii.
111111111111. 11111. 11111. 11111151 1111111111.

11401 . 111,0.100.1,1.100. Δ. 1101. 077·
Ictu T. 11, 001. 040. 1111400000. S. 010
11116 1311111111. 1111. iii, 111. iv,
Ictum Τ. 111, 00. 1, 000. 11, 701. 1111, 000. 11, 000. 001. 1111, 071. 111, 007
700. 1, 010. 11, 000 131111011000700. 11470. 001. 1,
11011. 1418. ii, 111. vi, 111. τοι. 1. 0110010111σο 111111·
111. 1111111111. 1100111111. ooo. 11111. xii. ⁸⁰. ⁴1⁷· S·i.1.⁹1.
Ι) am· 6061 11, 01010021 S· TTT, 11 1101οο i, ³· ⁴¹¹· TT, l· Μ· 1111 l· 18⁴·
00. 111, 0. 100 111, 0. 40. 100. 111, 4. 00. 11, 7. 40. 1,
ld Τ. 1040. 1111000 1. 00. 1, 0. 00. A. 1, 000. 000401.
101. i, 111. vii, 111. S. 1111. i, 110
1. 11. iii, 1. 11. 11111111 111111. 1111111111. 11411· 01.
11111111. 111. 111. 11111. 11, 11111111. 1111111111οο.
07 111170. 11, 000. 004. 1, 100. 001.
10111Τ. 1, 00. 1111001. 1170. 01, 004.007.007. 11, 00. 00. 140. 001.
4. 101 111, 100100. 040. 070. 400. 400.
1110011111 440400770. 010. aldi, 1. 0011,
Idnin T. 11, 000. 011047 4. 07. 11, 7. 01. 11, 0. 07. 1100.
10101 S. 1, 0. 04. 1, 1. 004. Δ. 1, 00 1, 0. 01. 01000. 11, 000
1110111110. mm 131011101011010
11111111.1,01.0.1,1101 Ignoscere Τ. 11000
Idaliis 0. 1, 0. 10 1311111111. iv, 171
Idalio· S. iii, 4. 01 1311111110 111, 70
1111111. ii, 007 1311111. 1, 107. 11100. 111000. 11,
10111Τ. 11, 104. 1, 400. 111000. 11, 000. 471. 11, 400. 000. 11, 700
700 1311Τ. 1004. 11407. 111070. S. 11,
1011 Τ. 11, 000. 077. 000001044. 1111, l. 010. 111, &1⁰4- 1, 0. 004. Δ. 1,
1111111114. 11700 13110111Τ.111,100. 11, 700. 1, 001.
ldmon τ. iii, 111 . 111. 1111. 11191. 1110. 1, 11.
10111110. 1110140 080000111001. 01, 0. 80. 1, 0. .
101111101010. 1110108. 1, 0. 00
100 13111111 Τ. 1, 00
11118. 111111 1311011111.1,111
101111, 181. 11111. x, 111 IgnipedumT· 111
1111111 T. viii, 000 Ignis T. 1. 000. 000. 1, 170. 000400.
sejanum T. i, 710. 111 170 000. vi, ²⁰²· 2²⁰· ⁶⁴⁷· 111154· ²⁰²·
1311111 Τ. 111, 07. iv. 040. 11140. 111, viii, 000, 000. 11,100.100.010. 1,
m⁸8²u 8111, 21⁴⁰· 0730190 ⁸⁴⁴· xi, m· 2761 011770· ²⁶2²⁶⁹⁰
¹ lgnm8.i.⁴.4o 1111101110. 111111.
1311an Τ. viii, 000. 010. 400 7. 44. 00. 111104. 11, 0. 00. 1111.
1311111. 1111 , 1111111111. 11114. iv, 1. 111.
1311011111. 1111. 111118. s, v, 1. 11. 111. 11. 101
1, 0. 00 131οο111 Τ. 11, 000. S. 111, 0. 144
Ignarum Τ. 111000. 11, 007 1311111011. 111000
Ignarus T. 11, 100. viii, 107. 11, 770. S. 1310110100» 25 ⁵1
1, 0. 70 13101111111.111,700
1ιέ1814. 1. v, 111. vii, 111. 1111. 11, monast. 33⁶⁶& vm2⁴⁵⁰
1 0111 ,11
1311110111Οο 13010111 T. 11710. 01, 0. 00. Α. 11,
13111111.0,111.11,οο1.1,11 000 ι
131111 S. iv, 4. 00. 1, 0. 01 Ignoscere 010. 70
1311111 Τ. 1, 00. S. 111, 0. 00 1311111111111, 101

 

