111 11111611. ciii '

1
1611161166 Τ. 111, 611 1661118.111,1.8
1611161111Τ.1111,117 1661116 Τ. 11161. 8. 11, 8. 88. 1111.
11611111Τ. 11, 16. 811, 8. 68. 1, 8. 266 88.111,8.168
Imitare S. 111, 1.166 116161161Τ. 111, 771. 111,166.181. S.
16111161 S. ii, 1. 8 111. 8. 866
Imitatur T. 111, 186. 268. 11,116. 8. 11, 1661111 Τ. 11. 666. 8. 1, 8. 86

8. 61 16611111Τ.11, 666
Imitatur S. 1, 1.16 1661111 Τ. 11, 686. 8. 11, 8. 78. 8. 111, 8.
1166111611 8. 111, 1. 78 76. A. ii, 886
Immune T. iv, 187.181. 1, 188. 868. immittere 8. 11, 8. 71

11,867.668. 111,681. 11,817.868. 16611617.11,116

1, 688. 861. 111, 178. 281. 668. S. 111, 1166111661 T. 111, 16

8. 181. 111, 1. 87 16611111 T. 111. 861
1661116611 11, 868. 1, 667. 8. 111, 8. 1161611161 Τ. 1111, 668

78 1666111111 Τ. viri. 866
1661611 T. iii, 886. 1, 86. 11, 168. A. 1661661611 T. 11, 668

rrae 11116661. maor
1616161661 T. 1, 168. 111,868 1616611161 T. 11, 117
116611611Τ.11,118. 11, 186. 781. 11, 1666616618. 1,1.817

816. 111, 167. 8. 11, 8. 8. 1, 8. 188. 1666111666Τ.1,11

A. 11, 866 1666111 Τ. 111, 716
1661616111 Τ. 111, 18 1666116616111, 616

’ 1166161611616 Τ. 111, 177 1666111111 Τ. 1, 181. 11, 16

Immemor T. 11, 167. 1, 661. 11,761.11, 16166111 Τ. 11, 688

788. 1.168. ,1.1,811 1661111111 Τ. 11,666. 888. 1111,766. 8.
Immemorem S. 1, 8. 66 1, 1. 77. 11. 8. 18
Immemores T. 1, 618 166611 Τ. 1, 827. 11, 68
1161611111 Τ. 11, 66. 11, 11 16661118. 1, 1.171
1611116116 Τ. 1, 668. 8. 1, 8. 288. 8. 1, 166611 Τ. 111, 686

1. 186. 1, 6. 76 166616 Τ. 1, 728. 111, 167
Immensum 8. 1, 1. 81 Immotos 8. 1, 8. 18
1661611 Τ. 111, 168. 8. 1, 1. 7. 11, 1. Immotum T. 11, 166

11. 1, 1. 816 Immotos A. 11, 888
1661111118. 11, 1. 816 16166111 Τ. 11, 661
1661616 Τ. 1, 8. 886. 8. 111, 1. 111 Immunem T. 1, 618. 11, 168

1616161618. 11,6. 18 11666611 Τ.1,188. 8111. 888. Α.1,
Immensum T. 11, 868 188

Immemor T. 11. 666 1666166111 Τ. 1, 688. 11,68
1166111111 S. iii 1. 116 1666116111 Τ. i. 818

mmm... 1. 11, 661 1....1. 1, rm. 1., 611. ..111, 1.,116.
1616111116Τ. 1,281. 6166111. 1, 8. 11, 688. 8.1,6.68. 11, 8. 8. 11, 8.

1166111116Τ.111,861.11,688.111,866 1661 Τ. 11, 811. 8. 11, 8. 66. 11,6. 1.
166111111Τ. 1, 881. 111, 88. 1.1 A. 1,]81

Immerito T. 11. 87 1166161118.1,1.187
166111161Τ.111,867.11,168 1616161111 Τ. 1, 117
1661111616 Τ. 11, 618 11661611 Τ. 11, 116
1661111618.11,667. S. 11,1.177 16611161 Τ. 11, 188
16611118.11.8.16 1611111611 Τ. 11, 866
1616111118.1,6. 16 116611Τ.11,166. 11, 166. A. 1266
1661161618.11,7. 86 16111111Τ.11,168
Imminet T. ἰ,666. 11, 166. 11881666. 1661116 Τ. 1.1111
61111111118111111101. 1111. ξῧῖἓὲἑῖἷῖῐῗξωω .

68. 11,6.81. A. 1, 661 1166111161Τ.1,186.111,668.11,878. 1,
1111161111 Τ. 11, 288 166. 8. v. 6. 88
11661116 T. 111,868 1166111111 T. 11878

1611611161 A. 11, 187 1616111166 Τ. 1, 886
1616111661 A. 11, 188 1661111161 Τ. 11, 166

 

