ιιι 11111111. ¹lxxxvii

ψῖηὴωῦῶιιπ ¹¹2⁶„ qunoohmedjmosunjlanogy
8113116111 8. 11, 6. 6 1, 6. 68
8131111118 11, 67 618111111811, 768
fugiendas: 11, 7. 66 6111111118 11. 868, ι, 666
6131111881686. 11,.786 vam ΤιΙιιὶιιιοιΤ.ι1,6.68 8,,..1168 Aa,
11311111. ιι 11111111 ιιι
11311111811,8.66. 1,1. 188 6111111118 111111. 111666, ι,676
1131ε11117.ι,ιιι.11,ιι. 81666 ΤιΙιιίιιιιΤῧ ιι, 871. 11, 86
1111118·· 1, 678. 111,.686 111766. 611111ιί1818678. 111, 686, 1, 687.
16166 686. 111, 666. 118, 76. ι,618.676.

1131111111Τ.1,668.11,68 000. xi, 81. 111, 666, 8. 1, 6. 66. 111,
17131118· ιι, 6116 8168

Τιῄιιιι8.18,6.78 6111181,6.16
113118 11, 686 111117.111,1ιι.11,ιιι
113111.·11,ιιι.6.111,ι,ιιι 8111118· 1, 686
TugiutisT.T,.626 1,78 611118 1, 166. 111668 ιι 767 ι,
rum: ιι, ιιι. ιιι. ιιι. ιιι. ιιι. ιιι. ιιιιι
nm. 11, 668. 616. 718. 786. 111, 61111118 1, 668
666888666. 1111786. 11111111. 61111811166811, 171. 11, 766. 81,
778, 776. x, 617. 668. 676. 11, 66. 6. 166, 181 ,166
661. 688. 81,.6.181,6.81,18,6.11111118.1,687.ιί1,16.8.111,.6666

78..1681,.6168.1,6..666Α,1,8111111811,787.11,81.81,.6.66 .

666. 687 11817
61311118 111, 168 711111111811877, 8.8,6.81
6131111811, 686. 111, 168. 6,·8, 666 1111111811786,1111168118.
6131111183 ιι, 6. 76 xii, 616
6131111Τ.1111,666.11,867. 811686 1111111118 ι, 668, A. 1, 178
8118118188 6111111118 ι, 866. 81, 1. 666
6111111811, 778 1111111118 1, 87
ΤιιιΤι 186. ιιιιιιι. 11111111. 11111118 111, 68

“ 11, 677 11, 167, 111, 688, 11, m. ι, 8111111118 111, 678

186.ι1,618ι8,681..6888181111111181,666.ι,688.766.8.1,1.
66116881666116161 6881868168
8886118186 6111118186
81111181, 8. 66 8111116118· 11, 666
1111316118 1, 666 61111181118 1111667
8113161111881, 788 1111118 11,618. 8.11,8,68
61131118.11,6.11 rumam T. 11, 666
8113111181, 152⁴. 8.1,.668 1111118 xii, 167. 88, 1. 688
Tul 3111116118· 111,6 81111118 xii, 667.
6113118111, 66. 1111618, 8.111,1. 18 8111188· ιι, 16. 11, 686, 1111,11
111Ψ31.111“118,676 61111111118311, 611
1111311181, 666, 11, 676. 1,,18 111, 1111111118 iii. 166
686, 1111, 617 ι,886 6111111811, 6. 68
81131111Τ.1,116.11,181,1,668 111818 111, 668, 1111, 618
1111311181, 676 61118181, 867
6111311118· 11, 777 ruamus: 111, 1. 168
61131118 1111, 178 ’ 11118118 11, 66
1111111118 11, 688, 111, 166. 666. ι,68. fundam T. xii, 688
6688688611. 11, 661. 111611. S. 111161111811, 7. 68
11, 1. 666. 11867. 11,7.68. 1,1. 61111118 11, 866. A. 1, 668
168. 1, 8166 funden. T. 1111. 666. 111, 86, viii,
Fulmina Τ. 1, 668. 116111. 11, 68. 111, 686
688688. 1111686. 11686. xii, 188. 81116111118ι, 616 ,
ιιι. 61111111. iiim. 1.·1, tunderes, v, ιιι. 111111
688 611817.1,111.8171681818
1111ιί118188,7.86 1111111118 8686
Fulminibus T. ii, 68, 166 6111611118 1, 668. iii, 16
8111111118 1617. ii, 76. 678. 18, 666. fundo 81, 67.· 81668. 668. 11, 66. v.

 

