111 8111188111

81811111Τηί, 88811188. 8,.1888 muitum
818111Τ,.1“811, 1118881818 811111811Τ,1,888.1111,888. 8.1,1

Sim 1.81 181, 11,1.111,11,1.1111.ν,1111,
8191Τ.1,.18111,88,888.11,18.188. A.ii,l⁶l

1,881,188. 11,118, ⁶⁶⁶. 111, ⁶⁶. 8111111111,1..888 111,,88811,,881 v,

8881111188 118Μ1811888 881888118188111188111
111888888118118881 81.8.1,.,888111,,’,11.188118,11
8,8,111,Ι,,188111,8,Ώ,188,111,11,8,,8811,.11,1,888
8.111,11,.188.11,1..81 1.888 81111111Τ,11,,811111888 11,,188
Δ,ἱ.88..”188 1.81 8.11,,1188

8198811111, 11, 118 81811111,111,181.11,888. 8,11,1.88. ’

Signndt⁶iv‚⁶.l⁶ 111.1,11,111,1,1ο,111 .·
81911118· 111, 188 simillima: ιν, ⁶⁶⁶ 1888
8191181118, 881 81111181111118, '⁶⁸' 881
8191 1118111111, 188 8111108181,111,888
81911181, 818, 811, 8. 88 8119111819481) 11818, 1.88. 81,
8191118,1,8.8,,811,188 8,.88811μ888, 111,1,88,1,1,88.
8119111881888. 11,,11 111. 881. 11, 1. 8. 88. 188, Adi. 118
888. 8,,1 l. ⁶ Simplicitate& 11. 1, ⁶⁶
81911118 11,888 εἱωυιιωιτ..111,111.ο11,’11,111. 111,
8191111118,1,.818 888, 8,111.1,188.Α.,11888
8191111111, 188. 8..1 1, 88 8111111118,1,1,188,1,8.8
Signatuu'l'. 1,188 Simulare A. 1, 818
81911111Τ. 1111, 888. 118 simulam· 11, 18
signatum... 188 8111111111,11,181.11,811
signet 8. 1,1,181 811111181811, 881
81911181Τ,1,.888,81.8,88 81111181,18
81911181, 818, 888, 11, 818, 8,111,,1 81111181111888,·11,888,818.8,11,1.88
88.·11, ⁶. 88, 81188. 188 81111111· 11, 888
819101, 11888, 1818. A.‘· u, 188 sinent? 11, 881
8191111111Τ,1,111 sineretT. 1111, 881
81911111Τ, 1,118. 111, ⁶⁶. 11,188.1,811111Τ.11888
11,11,81.81,8,11,8,88,1,1.88,81111111Τ311Α18
A.‘· 11, 178 1119111181, 888. 111, 888. 811, 8 88
silens. 11,1,818 8119111111, ⁶⁶1
8111111111Τ,’· 111, ⁶⁶⁶ 81191111811.1111,111,8.ι,1.111
81111118, i. ,818 8119111811Τ11,881,111,81. 11, 88,
811111οΤ,111818 111, ⁶⁶⁶
81111118· Ι111888. 1,]88, 111, 8188. 81191111Τ.11,888
1, 88 811911111Τ,111,888
8111111111,·· 111, ⁶⁶⁶. iv. ⁶⁶⁶. 111111 8111111Τ. 111, 818
81ω81,1,111.11191 1.888, 81, 811111811, 8. 88
1,.,881818 8111111118,111,,818
8118111131111111. 81811, 88, 881. 8111111118, 1,8, 8
11181. 11,888,888,1,188,888.181. 8111111111Τ,111,881
11,881,188.1·11,818,1111888311.. 8111111111·,1,881.111,888, 1111, 111, 888
188181 ⁶⁶⁶. 1.81 11, 888, 111, 8111111118· 1, 888
818. 81881. 11,1,88, 11,,881. 8111111οΤ,11,.818 188,11.888,188
11,8.8.11,8,,188 A.i..⁶⁴1 11,881 Sinits.ii‚⁶⁶⁶. 111.1,,,8818.888
8111188111. 111, 81 81111118· 111. 188
8111111118 11,8, 111, 888, 8111, ⁶. ⁶⁶ 81111111Τ.”111,888
8111111111Τ11 ⁶⁶⁶ 8111, 111 811111Τ,11,88, 1, 888111. 8881111.
81111Τ1118888188881888 ⁶⁶⁶ 111888818118,11,1,,8
11188 188,11.1.88.11,1,.8811,,818,11,
811118,1,8188.111.1.188 8...,,1818,,’,,.’,1811888,11,818.
8111811181,8,81 8881188
8111811811,8.1 8111111811888
snum. 11, 888 sinnam. x. 188
8111111111. 1, 888 81111111,11,888, 818. 18

 

