1111 1110111

14101, 411444 = Ι.44110,104.147. 101. 404, 717, 0.
00111.1,.111101.1.1111,1111111111111111

111,.4.10070 11,440.1,47, 11, 700. 0010011Τ.·,1417.111140 11,00,1,
040.111,41111,,,Μ111,11441,441,447,11,404,0,.,.74040οω040
444074, 11, 407. 007. 000. 111, 444. 040. 111041, 1111011. 11,47,70,
0.111,4.14.111,0.00.11,4.104.1,1177.471,001.1,100,700,041, 11,
1.401440,1,4.441.,4,14..007 411..044.111,410 00144011,
11470410 0.,,.411414

, 00107,1,004. 1, 44474. 11, 444. corpo 110017.111,4Μ.1111,701, 11100

111, 114. ai, 400. 1,4,4.111,4, 00100417, 1111740. 111004

100. 111, 0. 14. 11, 4. 40. 11, 0. 04 0010117, 11, 000. 1, 000. 11, 044. 111.
00117, 11, 040, 111, 701 040. 1111, 0, 11,47,114. 177. 470.
0011110801. 4. 100 744. 1, 404, 400. 701. Μ. 111, 474
0011101017, 1, 444 400. 0.·· 11, 4. 40, 111, 4. 70 4 ,400
0011110, 1, ⁸3 400 001100οΓ 111, 440. 11, 414470
comibus Τ.·· 11,.010 rma. 111, 100. 001-110107, 11, 010
0οι01ἔέ167. 8111ἱο01. 1111, 00 111ξὲῧέ {hm
0011111117. 1111, 401 00111 [11111Τ. vii, 000
Cornipedem Τ.11,471.1111,040.11,0011011107η11,144,11,004

010. 111, 007 001001117311004. 1, 040

, Cornipedu'mii, 147 700 1111, 107, 00110117,111,.001,740. 4,1,007

401, 1, 100. 470. 11, 440 00111111 pits. 1, 4. 00
001111μο111111,004. 074 001111οΡ 111114· 1, 400
1101ομ010111,οω 11, 440. 474. 0011111011, 700

111000 001110οΤ,· 1, 004
001ιο Τ. 11, 144. 441411, 400440074. 0010101711, 170. 11, 044

1,104,11,47.140.047.111,417, 0011110114,11,400

047, 11,744,070.1,.111 471,11,0010101017.111,444

440111401141411140 0010111110.1,1,71
01111113110.01,111.1.,11.110. &mmmmm

440.1,044. 11001047, 1111440, 0011110114.Ι 1, 470

44414, 117. 440 4404440440 000. 00111101Τῖ v, 074. 0,1, 0,0

000.1,740.11,410,111,.,400071 CommisTinv

0,1,4. 140. 11, 4. 11,111,4..04 4.1, 001010071410 014 11, 044, 1, 774

414. 044 0011011014. 0
00111117. 11044. 1111, 001 001γ11110.1,1.414
cambit 11, 400 0011111107, 111, 440
0010111117.11,740 001]11011Τ.“111,070, 010 10
0011100171000, 11, 441 0011117, 111, 047
0010111.1,011.11,111.11,111,1,001101711110

17, 11, 400, 11444, 0,1,.,”4440 11, 00111017. 11, 400

1. 110. 1, 4, 444 00111017.111,000
001011οΤ.’111,411, 11400. 01000 001111Τ,11,0.040. 1,414

1111, 104, 1, 4, 440 0011117, 11014
00100111 T. 1104011, 114. 111, 004. cothurnos. 1, 4, 07

1, 041 01111143 1, 07
(101ου40111,1.07.140. 17,4.10. 100 011111οΤ· 1, 144. 010, 111, 410. 7, 410.
emmim, 410 11,010,11,407,1,400,111,404.
0010110105114 00 000. 004
0010111073 11, 444, aiii, 4.4 0111111117.11,000, 11, 471
0010111017. 1, 004 01111017. 11, 82⁰ ,
0000111101111 0111111117· 111004. 111404. 1, 41, S.
0010001117111407. 400 11, 0. 04
00100117,1,000.11,404,004714. 011111117111111111

111,....140147104 11,000, 1, 404. 0111111117.11,.701,400.1.414

40411,700.111,400.007,701. 1111, 0111111117, 11, 047, 4 1 114

440.404.410040.11,100.404,470. 011111Τ.11, 110

1,404.444· 400 11,000,041,111,011,1ομ711,410

 

