111 111111 ,

Amphitryouiedee T. 1, 996. 1, 991. 1111, Angues Τ. 11, 697. 1111, 619. 11, 61. 99.
111.1,11.11.,1111.1,111 xii, 111. 11, 111. mv. 111
Δωρ1111111191,9.196 Angui S. iii, 9. 96
Amph T. 111, 191. 999. 11, 991. 669. 91311111 T. 1, 91. 11, 169. 1, 99
..16111111911111 1111111191 11611 vi, 111
Amplectitut T. v, 196. 1, 699. 11, 791. Anguisem S. 11, l. 161
S. 1, l. 199. A. 1, 691 Anguiferem 9. 111, 9. 119
Amplexu T. 1, 999. 11, 699. 11,969. 1, Anguis T. 1, 699. iv, 96. 1,699. 699.
969. 1111, 999. 11, 116. 979. mm. 797. 11, 97. umes. 969. 111, 96.
111, e. 11. 1111 ι, 111. 111. 11, 1. 111. ii, 1. 111
Amplexu T. vi, 119. 1, 676. m Angunt T. 11, 997. A. i, 199
Amplexi T. 11, 769 Angusta Τ. 1, 66. 999. 11, 797. 9. 11, 1.
9111111111Τ.111,999. 11, 969 199. 111, l. 99. 1,1.996
Amplexu T. 1,999 ’61111111Τ.1,169. 1, 19
Amplexu Τ. 11, 969. 111999. 11, 91. 1, Angustam T. 11, 696. Δ. 1, 969
79. 196. 919. 11, 966. 111, 999. 11, 9131111111 Τ. 11, 999
979. 999. 111, 199. 966. 9. in. 96. 91311111Τ.111,669
69. 111, 9. 161. A. 1, 179 91111119. 11, 669
9111111119 1, 669. &mo Δ111111Τ.1,997. 9.11,9.16 «1
1111111... 99. 111, 691. 9.1,1. 19. Augustis T. iv, 796. 9. 1, 9. 19
“ 97. 11, 1. 91. 11, 9. 69. 111,9.67.11, 9131111911796. 111,1. 16
9. 99. 1, 9. ll. A. 1, 676. 699 Angustos T. 11, 196. 9. 111, 9. 69
9111)Ιί1ιὶ111 Τ. iv, 699 Angustum T. iv, 9. 11, 719. 9. 111, 9.
9111111191997. 11, 679. 11, 979. 11, 66. A. 1, 99
169.969.1111,691.11,996 6181111111. ii. 699
Amputat T. 11, 969. 1, 916 9111119111999. 11, 661. 1111, 999.
Amycle T. 11, 999. 11, 769. Aa, 996 11, 799. 9. 111, 6. 91. A. 1, 996
Amyclae 1111111 Α111111111Τ. 111, 89
Αω]111111Τ.11,969.11,999 9111111111.11,669.111,999
91111111 9.11,9.99 Δ11111111111Τ.11,979.11,17.9.111,9.
Amyclaeis Τ. 1, 696. SM. 919 66
Amyclaeos Τ. 111, 919. 9.1,9.199. 11, 9111111111Τ.11,66.199. 11, 699. 9.
111 1111111111
Amycln T. 111, 169. A. 1, 91 1111111111 T. 111, 976
91111Ιὶ19. 1,9. 169. A. 11, 169 11111111Τ.111,699
Amymone T. 11, 2OE Anhelet T. iv, 979. v, 616. 11, 991. 1,
Amymones T. 11, 796 996. 11, 991. 696. 9. 1, 1. 67. 111.
91111111Τ.1111,999 196. v. 9. 179
Amynta T. viii, 999 Α111111Τ. 11, 7. A. 1, 996
1111111111 T. 1, 616 11111119. 111. 9· 102
Amythaone T. iii, 969 1111111 T. 111, 996. A. 11, 19
Amytlmonius Τ. 111, 691 - 1111111111 Τ. 11, 766. 11, 699. 1,999
Aneaeum Τ. 1, 999 111111οΤ.11,679.11,999.999. 1,169.
911111911979. 11, 666. 11, 199. 9. Am 111, 999. 9.1, 9. 996. 11, 6. 69.
v, 1. 66 ,1, 189
9111111 mv, 96. 111, 199 11111161 Τ. v, 67. 111, 199
Ancipiti T. 111, 9. 11, 117. 1, 699 ,91111111 Τ. 11, 79 .
11111ρὶ111’1’.1,669 11111111. 1111, 996
Anemonem T. 111, 997 Anien S. 1, 9. 99. 1, 6. 96
11111111 Τ. 11, 69. 1, 699 11111119. iv, 9. 17
Angene T. vi, 979 Aniene 9. 1, 9. 9
Angere T. v, 996 Auienus 9. 1, 9. 79
. Angeret T. 1, 191. 11, 999 . Δ11111Τ. 111, 979. 11, 699
1111111.. 11111. ii. 111. vii. 111. 111
1151111111 1111111111 11...1.1,1ι1.111.111. ’11,11. oo.
Angor Τ. iii. 696 669. iv, 694. 7611. 1696. 111, 779.
Angue T. 1.,111. v, 689. 1111, 991 11116. 11, 996. 996. 999. 11, 979.
Anguem T. 11,996 , 111, 166. 966. 9.1,9. 67. 11,7.1ω.

 

