ix

1111111117. 1988. A. ii, 846

111111181,1.84.11,7.9

11111 Τ. 1, 169. 689. 861. 11, 984. 996.
667. 111, 188. 966. 468. 11,188. v·
9911894. 11176168. 1111, 941. 1,
666. 111, 666. 8 11, 6. 79. A. i, 619

Dira T. 1, 4. 69. 11, 699. 666. 111, 616.
11, 998. 11,964. 11, 468. 111, 648. 8
11,1. 996

111111 Τ. 11,184. 11,166

Dircen T. rii, 664. 1111967. 1, 661.
111,6

11111111. 1, 466

1111111 Τ. 11, 679. 111, 789

11111.ιο T. r, 647

9111111111, 769

1111111111 T. 11, 616

111111111Τ. ii, 149. 11, 74. 11, 967. 919.
viii. 488. A. i. 99

Dirce Τ. 1, 98. 11, 447. 111, 616. 8. 11,

11111111 T. ii, 899. 111, 668. 11, 974. 111,

1111111 T. 1, 169. 11, 488. 11,8. 8.1,

1111111111 T. 111998

11111 T. 1946. xii, 694

Diremit T. iii, 677

11111111 S. 11, 9. 84

11111111 T. viii, 696

Diri T. 1, 194. 11, 199. 111, 646. 11, 899.
8. 111, 6. 79

Dirigir A. 1, 689

Dirigit T. 11, 778

· Diriguere r. v. 111

Diripuit Τ. 111, 74. 11, 86. Δ. 1, 968

Dirimentir T. 1, 489

Diripererrt 8. 11, 9. 184

Diripitur T. ir, 817

Diripiunt T. r, 867. 799. 8. r, 8. 181

111111 T. 1, 914. 1, 964. 111, 719

Diro T. i, 998. 618. 111, 76. 11, 866. 11,
869. 1, 698. 11, 697

1)11ο11.111,946. 111, 916. 464. 111, 86

Dirum T. ii, 966. 981. 11, 666. 11, 496.
8.11,7. 164. 116114

111111 T. 111, 46. 1, 911

1111Τ. 1, 67. 988. 11, 97. 649. 1,796.
§.itt

1111111 s. 1, 6. 66. 11, 7. 68

111111 T. 11, 661. 8. 1, 9. 61. 64. 186

1111111118. tr. 11

1111116111 sm. 19. 1119198. A. 1,

1111111111.1,1)8

1111116111 T. 11, 686. A. i, 666

111111ῃά111 8. 111, 6. 66

1111111118111, 1. 87

Disceuti· 8. 11, 9. 68

1111111Χ

11111111 T. ri, 896. 81,9. 148. A. i,

1111111111 Τ. 11, 671

Dimum· T. 111, 499

1111111111 Τ. vi. 967

1111111 Τ. viii, 199

1111111111 8. 1, t. 11

1111111111 Τ. 111, 196

1111111 T. xii, 816. A. 1, 677

1111111118. 1, l. 96

11111οΤ. 11, 646. 664. 677. 896. 8. 111,
1.166. 1,9.69 ’

Discolor T. 11, 997. 11, 988. 686. 1,
119. itii, 8. 61

11111116111 Τ. 1, 787

111111161111 Τ. 1, 191

1111111611 Τ. 111, 469

1111101611 Τ. 11, 996. 1,681. 8.1,6.

Discordia Τ. 1, 196. 197. 966. 11, 988.
1, 74. vii, 66

Dioeordibua Τ. 11, 166

1111111111 Τ. 111, 448

61111111. 11, 496. 11, 878. 111, 179

1111161 A. 11, 446

1111111111 Τ. 11, 694

1111111111Τ.1,669 .

Discrimeu T. 11, 961. vi, 496. 11, 494

111111111111Τ. 11, 879. 1111, 97. 8. 11, 6.

11111ήωὶ1111 Τ. 1, 666. 1, 699

111111111111 Τ. 11, 447. 788. 11, 869. 11,
666. A. 1, 997

Discum T. ri, 676. 686

11111111111118. 11, 9. 16. 98

1111111161611 A. ii, 89

Discumbunr Τ. 1, 698

11111111Τ.11,99

1)111111111111Τ.111,466 ·

111111111611Τ.1,666

1111111Τ. 11, 719. 111, 91

1111111111.1111,111. 11, 176. 811, 9.
198. 1,8. 989. A. i, 646

1111111811 A. 1,66

1111111111 A. i. 911

1111116111 Τ. 11, 779

111111111Τ. ii, 67. 111, 4

Dirjectn T. 1, 916

Disjectir A. 11, 969

1111111111. 1,69

Disjicit T. i, 696

Dirjungere T. 11, 494

Dirprre T. 11, 914

1111ρ11111ι1Τ. 1, 986

Disprtlit T. 11, 479 ,

Dispendit T. 1, 896. 111, 718. 8. 11, 9,

Dispertiti T. 11, 766

Dispertiti 8. 1, 9. 76

 

