1111

1111811111.1,114.11,1111,114
1111111111. v. 818. 111. w
8111111111 T. 111, 484. 11, 148
8111111111 Τ. 111, 881
81111111 T. 1, 888
8111111111Τ.111,488
81111111 T. 111, 881. 1,884. 8,11, 8. 88
811111 Τ. 111, 848
senet 8. 111, 8. 118. 111, 8. 84
8111111 8. 1, 1. 88. 11, 4. 88
81111111 811, 8. 88
8111111 Τ. 1, 118. 11, 418. 11, 888. 888.
xi, 111 s„ ii, 1. 11. 1,1. 11
81111111 8. 1, 8. 18. A. 11, 188
811111 Τ. 111, 818. 8.11,8.18. 111, 8. 84
81111111 Τ. 1, 818. 8. 111, 4. 84
81111111 T. 11, 818
8111111111 T. 1, 88. 8. 11,8. 188. 811,
11111111. 881. 8.1,8.81. 1,1. 818
111111. 1.,11. 111, 111. 181111
Sem T. 1111, 48. 8. 1, 4. 81. 1, 8. 48
81111 T. 1, 488. 111, 44
81181111 8. 1, 8. 81
8111111 T. 11, 841
811111 A. 1, 884
81111 8. 11, 8. 88
8111111111 Τ. 1111, 888
8111111111 T. 1, 881
111. Τ. 1, 111. 11111111. 1.,111.
11, 881
seven S· i, 8 1
8111111 T. iv, 417
sevena 8. 1, 8188. A· 1, 888
811111 T. 1, 1. 11, 888
81111111 8. 1, 8. 88
8111111 Τ. 11, 88. 11, m
811111 8. 11, 8. 41. A. i, 888
8111111 Τ. 1, 88. 11, 888. 111, 888
8111111118. 11, 8. 8
1111111111, 1. 84
·8111118.11,1.8
8111 Τ. 111, 118. 8. 11, 8. 48. 111, 4.11
811111 Τ. 1, 188. 11, 884. 11, 888. 111,
111. 1. 11111. 1.,1. 11. 11111
81111Τ. i, 888. 1, 881. 111, 418. 11, 118.
11, 111. 111, 11. 11111. 111.
888. 888
Sibil· Τ. 1, 118. 11,888. 1, 888.’ 11848.
888. 1111, 848. 8. 11, l. 48. 111, 8. w
81111111 Τ. 111, 888
Sibyll· 8. 11, 8. 118
81818110 s. A, ἰ 1771 ffi, ⁵0 w· i', ⁸·
84. 8. 1, 8. 118
8111111111, 8. 41
8111111118. 11, 4. 88
simio· Τ. 1, 818. 8. 1, 8. 888
81111111 Τ. 11, 888
Sicanium 8. 1, 8. 88

'mx

81111 Τ. 1, 888. 1111, 888. 8.11,8. 88

81111111 Τ. 11. 844 .

11111111. 11, 848. 811, 8. 84

sim T. x, 118

811111 T. 11, 814. 484

Siccam 8. 1, 1. 888

8111111 Τ. 1881

8111111111 Τ. 11, 188

Sicci T. 1, 881

811111 Τ. 11, 181. 188

111ωτ.1,111.1.1,1. 88

811111 T. 1, 48

81111111Τ. 11 848

81111111 Τ. 111, 448

Sicubi A. 11, 418

811111Τ.11,818. 8.1,8.1. 11,1.18

ste-¹³ 8. 111, 8. 114. A. 11,188

8111111 Τ. 11, 488

8111111811, 141. 8.111,8. 88. 1, 8. 81

siculi· Τ. 111,888. 1111

1111111. 1111, 88

81111111Τ.111,188. 8.1,8.81

siculum T. 111, 818

81111118. 1,8. 181

Sicyonis T. 11, 118. 11, 88

1111111111.11,111.1ι,111

siden T. 1, 81. 481. 488. ,11, 88. 181.
111, 488. 1, 888. 488. 11, 841. 888.
818. 111, 4. 48. 488. 811. 111111.
818. 818. 11, 488. 1, 148. 888. 888.
888. 888. 11,188.188. 111,888.488.
881. 888. 881. 8. 1,1.48. 1, 8. 818.
1, 4. 8. 111. 111, 8. 8. 18. 111, 4. 88.
88188. 11, 1. 84. 11,8.188. 11,8.
⁸¹· Vq 119811 V, 8198· mauu Ao
11, 888

8111111 Τ. 1, 188. 811. 11, 118188. 11,
888188. 111, 888. 11, 841. 81114.

8111111118. 1, 1. 188. 11,8.118

Siderei T. 1, 818. 1, 88. 8.11, l. 48

8118111118

81111111 Τ. 1111, 111. 8.1,8. 141

Sidenum T. 1, 811

8111111111 Τ. 111, 811

sideris T. 111,118. 8. 11, 4. 88

Sidoni. T. 11, 144. 1, 481. 8. 1, 8. 88

8181111 Τ. 11, 188. 8. 11, 8. 1

Sidoniam T. 1111, 818. 11, 888

11111111. 111, 888. 11,(148. 111, 448

Sidonii T. 1, 181. 111, 888. nii, 888. ’
881. 8.11,8.88

8111111111. ix. 881. 8111, 8. 148

11111111.1,1.111.111,1.11. 1, 1. 888

81811111Τ.1, 8. 111,888. 1, 126. 881.
848. 111,818. 8. 11, 4. 88

8181111111 11, 884

Sidonium T. 111, 888. 1111, 888. 1, 888

Sidonius T. 111, 188

 

