18

Dedi T. 111, 888. 111, m. 1, 818. 111,
1111111111

1118111111 8. 1, 8. 7

111ᾱὶ111111 Τ. 11, 888

8181111111. Τ. 1, 778

Minu. T· fii, 'ue 88, m

neuim S· 11. 8· 8

11111118. 11, 7. 81

8181111118111, 8. 188

Mne-T. 11, ΙΝ. 111, 848. 8. 111, 8.
188. 1, 8. 888

1111111111 A. ἰ, 141. 888

11111811. 1, 888. 111, 888. 118, 888.
111,88.878.8.1,8.88. 1,8.88. 111, 8.
88. 11, 8. 88. 1, 8. 818

1118111.1,8ω.888. 111,88.888.11,881.
1, 888. 788. 11, 118. Μ. 888. 111,
4111481789. 7111, 188. 11, 847. x,
888.11,888.1“8“,887. 8.1,1.48. 1,
'⁸ ”e 18, ⁴· u· ffi! ²0 ΙΝ· ffi, ⁸0
lo‘e ἢ, ⁴· 1⁴0 818,81811 17, ’a 61 TV,
4. 81. 118. 18. 1, 8. 148. 1, 8. 78.
A. 1, 488. 11, 8. 188. 188. 818. 888

Mu· Β· i, '0 ln

Dedecet· T. 11, 488

Deduc T. xii, 887

1118111118. 1, 8. 88

1111111111 T. 11, 81. 8.1,8. 111. A. 1, 7

1111111111. 111. 187

1111111118 11, 48. 11, 881. 11, 841. A.
11, 888

1118111111 T. 1111, 888

1111111111 Τ. 111, 887

1111111111 T. 11,188

1111111Τ. 1, 487. 8. 11, 1. 188

Deerit 8. 1, 8. 188

Deeeee T. 1111, 888. 8.1, 8. 188

1111111. 1111, 888. 1, 888. 11, 878

1111111111 T. 1, 888

11111111 Τ. 11, 848. 1, 888 ·“

11111111Τ.111,888

11111111 T. 11, 788 ’

Defectus T. 111, 888. 8. 11, 1. 88
Ducenda. Τ. 1, 488. 11, 888. 11, 488.
71, 818. 111, ew. 11, 818. S. 1, 8. 4

1118181111 8. 111, 1. 78

Defendit Τ. 11, 487
Defendite: Τ. 111, 844
1111118111 Τ. 11, 41
Defeme T. 1, 81. 1, 11
1111111111 S. v, 8. 188
Defensa· T. iv, 848
Defeneet S. 11, 8. 44
Menoe Τ. xii, 487
1111111111 T. 111, 848
111111111 T. vii, τω
Deferat T. 1, w

11111111 Τ. 111, 478. 11, 888. 111, 788
11111111. 111, 888

mnssx

Defertur T. 11, 881. 878

Decem Τ. 111, 814

1111111111 11, 888

1111111111 Τ. 11, 178

Deficiene Τ. 111848

1111111111 8. 1, 1. 88

8181118811 Τ. 1, 877

Defieio 8. 1, 8. 88. 1, 8. 48

Β88818Τιῖ1,ω1. 811881 le 881 111138
178. v, 1. 188. 8. 1, 888

Deficiunt T. 11, 888. 111, 878

Defigere T. 111, 188. x, 187. A. 1, 887

Defigit A. 11, 88

1111111 Τ. 11, 884. 877

1111111 Τ. i. 481

1111118111 Τ. 111, 884

11181811 Τ. 11, 888

1111111111 8. 11, 7. 71

111111111ΤΙ 1, 888

81811111 8. 11, 1. 88

Deflende T. 11, 888. 111, m

1118111 Τ. 111, w

Defierim Τ. 111, 884

Deflet S. v, 8. 888. A. 1, 888

Deflet T. 11, 888

11181111 8. 1, 8. 188

Defluat T. 1, 877

1118111 A. 1, 881

1111111Τ.11,888. 8. 1, 8. 84

111111111Τ.1111,488. 11, 84. 1188. 8.
111, 1. 188

Deformem T. 111, 417

Deforme· T. 11, 788. S. 1, 8. 118

Deformis T. 11, 888. 1, 8. 888

Βο1ῐ111 S. 11, 8. 88

1111111111 8. 11, 8. 88

Defuit T. 11, 18. 111, 178. 888

Degener T. 1, 888. 11, 887. 11, 818. 1,
888. 8. 111, 1. 188

Degenerare T. 1, 484

Degenent T. 11, 148

Βεῖςηοῐει T. 1111, 888. 1, 888. 11, 81.
11, 748. A. 11, 887

Degeneri S. 111, 8. 41 ι

11151111 Τ. 1, 88. 1, 788. 11, 881. A. ι,

Dogmata A. 1, 488

Degnvet T. 11, 874

1Μ1ω11ὴωηπ
818. 818. 877. 811. 788- 11, 887.111,
588. 1111, 887. 1, 188. 168. 884. 11,
48. 818. 488. S. 1, 1. 88. 11, 8. 88.
811111111111

Deidamia A. 1, 888. 888. 887. 11. 91·
188. 818. 888. 848

8118111111 A. ii, 888

Dejecisee T. 1111, 887

Dejecit T. 1, 818. V, 177. 111481. viii.
88. 11, 888. 8. 11, 8. 88. 111, 8. 88. 7.

 

