cxxxiv 11111111 y

18111111Τ. 11, 860 Medic-S. 1, 6. 81
1111111111 Μ161111181,1.16
1611111118111.40.11,6.49 Medicis S. 1, 6. 100
’1011111111 Medicus S. 111, 6. 104
0111111111 141611Τ.11,481. 11,801. 1,118. 111,
10111111,111,610.8.11.1,108 148. 81,1.66.1,1.106. Simo.
Π81011118.111,1. 1111. A. 1,488 819
8111101118. ii. 1. 118 Μ16111Τ, 1, 101. 686. 11, 146. m. 461,
8111118ψὶἱὶ6 mevam fliium-nm.
11111111.1Ι,111.11111101..ι111 11,818.111,799.1111.198ν ix02⁴⁸·
111,10.014.11,86.961.188.881, 6101,1111810.001,ιί,111.111,
ι,606.666.068.806.111,188.8.1,11...806608.1,,8.69.118.4.11,
11168.1,896,601 1,19.11,8.80.1,..81ὓ.119.Δ
14111111Τ. 111, 168 11, 41.111
11....11.1.1,111.11,111.111, 11, 811611Τ31,811.890,11,41.106, 11,
849. 488, 1, 181. VSTAS. 1111111. 489. 818. 1,18.188. 1168468.
11,866. 1,166, {MSS A. 1, ΝΤ. 866,111,81,891.881.1111.141, 11,
111 111 ..111.111. 11111111 S.
611111111Τ.111,696, 11666. 111,168. 1, m. 11,6.11. 1,1.101. 1, 8.
11,11.111.111.1...1.11 ,111. 11111111
818 11.11..1.11,111,1.,11. 11669. 111.
1111111111Τ.1,114, 111, 644. 1, 668 1604616116. 149. 1111, 466. 11, 149.
11111111.11,160 111,1,164.116.111,688.8.111,1.186
811111116811, 1. 89 1116111111Τ. 11, 100
1811111118.· 1, 8. 86 1116111611.11,111
11...111.1,111.1,.111 8.,..11116 11111111111111161111
,6.1, 101 Μ16111118.“11,1.14,11,4.1
141111111Τ,111,84. 1191 11, 86. 111, 11111111..,1,11
1466.ι,1..0011.1,110.11,110 1116111111Τ,11,.8888..66411,199.11,
1411111811, 1.9 646.111,,6 1111, 891. 11186. 466.
1611111168.11,.869 688.,1161.11,601...61681.8.88
1111111151.. 1. 81 1111111,1,111.1.,111.111.1.11.
1111111111Τ3· 111, 408. 11, 169. S. 111,4. 101, 111, 466. 1111,888.6.11,8,61.
18.11,8.68.11,1.11 61166. 810
1811118.Ι 11, 88 1116101183 11, 866
11111111. x. 686 1111111116.11,1.111.Α.1,111
11111 T. 11, 69. 11, 60 Medusa S. 1, 1. 86
8111111Τ, 111, 694. 111, 888 Medusam T. xii. 606
8111011811, 1. 16 Meng. 1,111,’11,686
1111111111111 811311111Τῖ, 1,411. 111, 841. 11,89
161611161Τ. ΙΙ, 664. 111, 696 11131110111. 60
1111111161, 1. 6 11111111111111
1116116118.1,,1 166 negarem. x. 401
1816111111, 111, 160 11131181, 19
Mem· 1, 64. 111,61.149.196. 11, 6111111811, 619 -
166. 1,68. 841, 11661 111, 696. 661. ΜεΙιιιιροάεΤ, viii, 118
1111, 91. 161, 811119. 11, 68. 1,,801 Melampu 'rm-w. 618
419. 916. 11, 111. 160. 666, 111, 461. Melunpu Τ,61, 468
8,1,..4641,..66611,..616111,8, 1111111.111,118
1161,1.111.ν,8,188 181111311 Τ.11,414
111111111111 61. 11, 611. Μ111131111.11,108
111, 661. 1,.000 11681. 111,410. Μ11116.” 111, 8. 61
996,8.11461168111.11,166 Μ111118.11,,184
811611111Τ, 11, 818188, 11, 616 1111111618, 111, 6,46
11111111.11,111.111,111....111 11, 1611111811, 1. 168161. 1111111
616.11,668.1,860116 11496. 11111..Τ.11,111.1111110111,10.
8,1,1. 10. 11, 8. 61 110.110.11,111.111101111,60.

181111118Τ.11, 11 119. 888. 11, 68. 498. hm 811
1111111110... 6100. A. 11, 446 660.111,011,8,1,4.6.1,6.86.91.

 

