1811

818. 118881. 8.1,1.8
681111881ᾘι,888. 1878. A. 1, 881
6818188111 Δ. 8888
6888881811,8.88

mm
81818188811111. 111111

Gladim· T. 118 888
6181188 S. iv, 8. 88
6181188 Τ. 11, 88. Α. 8888

(181.... 1. i. m. 18111. 111, m· 81.......11881111111111

888. vii. 78. 11, 887. 888
881181118118111811. xi, 118
omit· 81, 1. 8. i, 8. 8. 111, 8. 188.

mmmmm&
omnim. s· 111, ⁴· ⁴⁹· 17, 1⁸¹· 17, ⁰·

17. 1.8. 177
⁰011!OEan i. m! 6188 ii, ¹¹⁷· ¹¹,

681818881Τ. 118888. 11, 888. 18888
8818811 Τ. 181811
68118188 Τ. 111, 888. 1, 88. S. 88188.
11, 8. 88. 111, 8.88. 1,1.818. 1,8.88
6118111111 8. 1, 8. 18
06861166 soii, 18 ,068 1186811468 7161
6118111 Τ. 1, 888. 111, 888
Α 6118811111. 18 117
6888Τ. 11, 88. 118888. Mimo
61181 Τ.11.818
681111888 Δ. 11, 888
6111118. 1,8. 188
6881811811 Τ. 11, 787
6881181181 Τ. 1, 818. 817. 11, 88. 1,
811. 811, 1.,111. 188 11

· 60188118 Τ. 11888

68811111 Τ. 18818
6881118 8. 1, 1. 188
6111111. 118818
6111118. 88. 18
68810 T. 111, 881. Δ. 8 888
, 881818
68111818 Λ. 11, 88
68111 Τ. 11, 888
68181 Α. 18818
681188 Τ. 11, 888. 8. iii, 1.17
8811881. 11, 8118. 118878
688818 Τ. 111, 881. S. 11, 7. 88. 11, 8.
681111Τ. 18888. 8. 8888. 11, 8. 81
Getico T. 1, 878. 11, 181. 1, 888. 11,
6811881Τ. 118881
61888 Τ. 11, 178
&mu Τ. 1, 888
aigum. 1. vii, 111
Gigantum T. 11, 888. 111888
613811 Τ. 1118888
61881818 Τ.11,788. 118888. 8. 88. 1.
TV, ⁴· 16
6181118111 Τ. 1, 888
1111811118 Τ. ι, 811 .
, 6111118 Τ. i. 111. 1811, 111
8118881811,8.18
(11111811. iii, 888 .

elmi· 8. 11, 1. 888

618888 Τ. 11, 188

6188881888. 71

6118881118. 1, 8188

61811881 Τ. 111, 888. 8111, 8. 87

618818 Τ. 1888

61188818 Τ. 111, 888888

61118818 Τ. 118888

6118811 Τ. 111, 78

(1118118888118118 18111

61881 Τ. 11, 71

618111 Τ. 118888

61888 Τ. 111, 188

elohe· Τ.-’11,788. 1, 817 ·

6818811 Τ. 1, 881. 118888. 18818. 8.

6188111 Τ. 11818. 11, 188. 118111. 8.
181188

6181881881 Α. i, 88

moneantur T. 18 888. 18888. 18888

6181881818 Τ. 111, 188

6188811181 Τ. 111, 888 ·

618118 Τ. 11, 181. 888. 887. 788. 1. 88.
881. 818. 1888. 888. 888. 888. 888.
888. 111, 888. -1111, 888. 788. 18188.
717. 1, 88. 888711. 888. 111, 81.

· ·118.8.ἰ,1.11111.181.181. 1,8.81.

11, 8. 81. 11, 8. 77. 11, 8. 88. 11, 8.
188. 1,1. 181. 1, 8. 188. 1, 8. 188.
818. Δ. 11, 187. 888. 888

Gloriatur 8. i. 8. 88

ommim. 8.11,8.88

611811 Τ. 11, 88

61188118 Τ. 11, 871

6118811888 S. 1, 8. 88

omonimo· Τ. 11, 788

68881188 Τ. 111, 878. 8. 1, 8. 188

61188818 8. 1, 1. 888 -

6811181118 8. 11, 8. 88

Gorga Τ. 1, 887

Gorgen T. 1, 818

. Gorgo T. 1111, 788

Gorgon T. 18 717

Gorgon· T. i. 111

Gorgone T. 11, 818
Gorgoneo T. 11, 81
Gorgoneo· T. 11, 878
Gortynia T. 111, 887. 1, 881

6811111188 T. 11, 888

6118111 8. 111, 8. 88

6188111111 Τ. 11, 887

6111118118 Τ. 1, 887 ι

6786176 Τ. 111, n· 711, „a ⁶⁹⁵0 u, 68
m· xi, ⁴⁰ ¹

 

