mvi 'mnnx

8111111811, 017. 1, 407. 1,810. 111, 1111111113.. 8. 880
01,,011,.800 8111111118,111,888. 8.1,.,,880οΑ1,
8111111Τ31,008,1,080. 11. 004 810, 11880
011111Τ,11,88.814. 11148817 111, 8111111811884001118881111881.
877068.,..14111,888111,108, 8,11,,1,841.1,870
8.1,8,87.1,.0.7011,..1181118. 8οεὶ111·,11,800.111,808,0.,.1048
110. 1118. lma. 1110. 48. 11,,1 8111111118Ι 1, 074
81.118.84.11,..8.80881,..888 0111111118,1,,148
1111111118 8111111111Τ. 11, 408
8111]Ιοί18,1,1.88 01111811, 088, 1,088. 11741, 800.
8111111111. 11, 180 111080. 807. 1111, 780. 11, 40, 1,
Siren 8118110 800, 81187
0111111111 8. 11, 8. 1. 111, 1, 04 8οοὶ11 T. 1, 180. 170. 400. 11, 010. 1111,
8111111Τ.1,080. 018100. 1, 8. 0. 11, 111.078.11,100.877,1,187.8.111,
1. 816. 111, 1. 04 0, 1. A. 11877
811Τ. 1111180 11111110.11,111,111,1111111,111.
111111.. 111111 111. 11111
81111811 ,800. 1,0081111, 888 11111111111111, 1, 408
81111111οᾙ 111, 084 0111117311088, 1,47Ι. 111888. 010,
sinerem 1,7.11,488 1111000714.11,108.100,818.707,
81111811, 440 1,.840 11,080.111808,8.1,1.
011114Τ.11,.,.080180411,87..481, 104.,Δί,οΙ7,11,18,78
880 811111111811, 804. 111 04. 070, 1, 418.
81111181118108 11, 178. 008. 1111, 844. 1, 7041. 11,
811 1111111 T. 11, 880 100, 111, 070. S. 111, 88. 111μο 107.
01 1111118111, 887 1, 8, 80
01010118 111, 700 81111118.··111,1.00.111,8,00, 1118101
0011111111 0101110· 1, 0 0
011111Τ11180001μ480.11.887 80011118,11,0.80.1,8,08
81111Τ,1,108,11,418.11188011000 81181107, 111408 180. 11881.
784.704.1,1.787.11,478.8117 111, 400. 0.1,0..40 A.i ,400
11 011111·.·1,148. 11, 417, 004. 078. 111,
SititT. 111000 084, 11, 400. 4441111,
81111Τ, 111088. 11, 140, 807, 1, 800. 8οΙ1011Τ.1,017

11108,111,740,8.1,1,70.111,8. 8111111Τ.1,04011,10811,000,Α.
100,11,8,.,.101818 11840

Situmgff 111, 100 1100 0,11,8,70.1, 0111111111Τ,1,008. 1,000. 81111·
8,1,1.88
111111. 11, 088. S. 1,4. 187. 11, 1.08. 8111111111 S. iv, 4. 00
111, 8. 810 80111101 T. 111, 118
0111111οω7. 11870 01111111Τ, 11, 808
8111ω18111,8,00.11,8.0 8111111110.1, 8. 81
8100110111, 1. 177. 11,8.4. A. 11, 100 8011111118 1, 817
810111Τ.1,488.8,11,887.1,1.70, 811111111Τ.1,80,11,008,11100
181 8111114111Τ,11,880, 11, 848. 8,·11, 0, 10

1111111111, 8.18 0111118111, 718, ν, 14011, 080
8ο111111Τ.11,008 8οΙ11Τ. 1, 404
80111Τ,1,844, 11, 111. 100. 808 048. 011111Τ.“ 11, 08
111800. 070. 400. 1188880111, 8011111111 ι, 408. 000. 081. 11, 108. 1,
007, 11, 01. 77. 11108188. 8111, 180. 1111, 840. 11, 17, 008. 004. ξ.
1.4.8 A. 11, 884 11. 111, 00, 841. 011, 1. 88. 801. 11.
SoceriT. 1800. 111, 881. 884 084.11,7.108.188,111,8.81.11.
8ο11111.11,018 41001,181,..8800.1,ῐὶ.
81111111111881111007, 11817 878
801111111Τῦ11,800, .1,11884 80111118, 1,5 40

111111.ἰ1111.1.,11111111111,111111111111.1114011170.11. ,

08811801 881..811,,.,8011.170.Δ,1,048.
011111Τ.··111, 048 1,008. 1111, 840. S. 11888

¹ Μ . . 8111111118 1, 710

 

