x ’ {anax

13011. ῑ. 111. 111. 1111111111.

01. Α. 1, 107

11,100. 000. ν,000.000. 11, 100. 0101110110. 1111, 00. 1, 001. 11,

111, 71. 007. 000. 1111, 110. 11,100.

111, 000. 000. 000. 0. 1, 0. 100. 11, 0.
00. 11,1.11. 111,1.01. 111,0.110.
11, 1. 0. 01. 1, 1. 00. 1,0.11. 110

Agunt T. v, 117. 111, 17. S. iv, 1. 00

Agyllea T. 11, 000. 007. 1, 010

Agylleus T. 11, 017. 000. 1, 001. 100

1311111011, 110

1331111011, 001

03111110. 11, 00. 001

0311 A. 1, 170. 001

ωηπωωωηω
101. 011. 000. 711. 11, 170. 001.
010. 001. v, 00. 000. 11, 700. 710.
010. 111, 770. 1111, 100. 001. 000.
000. 11, 71. 107. 001. 110. 001. 000.
000. 1, 100. 111. 110. 107. 070.
001. 771. 010. 000. 010. 000. 11, 100.
000100. 171. 001. 700. 111, 100.
1010000000. 701. 707. 0. 1, 0. 00.
11, 1. 00. 111, 1. 101. 111, 1. 0000. 00.
100. A. 1, 11. 100.100.101.010.11,

Ah T. 1,111

011111 T. x, 107107. 0. v, 0. 100

0111111011οὄ. 11001. v, 01. 111,
000.111,010.0.1,1.0

011111Τ. iv. 110. 0. 1, 0100

m. 11, 10. 111,011. 1111Ν. 1111,
101. 1,100. 0.1ν,7.17.1,1.00

,11οω1111111 Τ. 111, 010

Am T. ν,101. viii, 000. 11, 011. Μ

0111111111 T. vii, 000. 11, 10

11017. 11, 018. 0. 11, 0. 10

0101011, 0.0

Alba T. vi, 000. aiii, 1. 01. 11, 0. 00.
’,0.100. ’,0.007·

, 11101110.11,0.110
11101110.1,1.00

010111 0. 111, 0. 00

010100 0. 11, 0. 00

,11011111 Τ. 11110. 0.1, 1. 01

11101111 0. v, 0. 07

1111111111, 1. 100

,1101111111 A. 1, 11

Albis Τ.11,101

Albo S. 1, 001

1111111111 0.11,0. 11 ·

Albo· 0.11,7.00

Albula S. i, 0. 70

Albus T. 11, 000

Alcathoum T. 111, 710

01111011 Τ. 111, 711

1111111111, 1. 11. 1,0.100

,1111011111 Τ. ι, 000

0111011111 Τ. vi, 710

0111010.111,1.100. immi. „2⁶0

Alciden T. vii, 000. S. 1, 0. 100. 111. 1.

1η11ωη11Ἃῶψ
01. 11, 0. 00

Alcimeden. T. 1, 010

11111111 S. 1, 0. 01. 11, 0. 1

Alcman S. v, 1. 101

Menneu T. 11, 000

Aleon T. 11, 000. 000. 11, 101

Alea Τ. iv, 000. 0. 11, 0. 00

Ab A. 1, 100

1110111 Τ. 1, 701

Alendum T. 1, 001. A. 1, 001

111117. 1, 000010. 111, 01. 001. 11, 000.

701. 111, 01. viii. 070. 0. 11, 1. 17. 07. ’

11, 0. 0. 1, 1.100

01111111 Τ. 111, 170

111310. 11, 0. 01. 11, 0. 11. 1, 1. 000

11311 Τ. 11, 010

1113111111 T. 111, 100 11, 001

0131111110. i, 0. 77

1131111011 0. 1, 0. 11

1113110. 1, 0. 100

Algidus, iv, 1. 10

Ali T. ix, 710

11117. 1, 007. 11, 010. 11, 01. 177. 001.
111, 807. x, 000. 007. 11, 001. S. 11,
1. 00. 111, 0. 11. 01. A. 11, 011 ,

111111 Τ. 11, 100. 007. S. Ι, 1. 110. 011.
A. 11, 70. 101. 171

0111311111 Τ. 111, 700

Aliam T. 11, 10. 111, 110

111111Τ. 11, 001. 111, 000. 11, 011. v,
110. viii, 171. 111, 010. S. 1, 1. 70. 1,

· Amffimwffizmssffiz

A. i, 111. ii, 111111

ffioeSmSM

0111111 T. v, 007. 111, 100. 1111, 101. 11,
070. 1, 700. 111, 00. 0. 11, 1.101. 11,
1. 00. 11, 0. 00

Auen· T. 11, 01

Alieno· T. 11, 101

Artenam T. 11, 100. 1, 010

Α11311Τ.11,1.1,000.0.111,1.00

11111 T. i, 010. 111, 007. iv, 010. v, 001.
11, 007. 077. 011. 111, 001. 1111, 000.
11, 007. x, 000. 000. S. 11,0.100. 11,

11111111. 111, 000. 110. 111110.
000. 000. inm-5³⁹. 11, 100. 111, 001.
s· 7351301 173611091 Τ, 26³³· T, ⁸⁸
00110

Alimenides T. 1, 010

0111111111 Τ. 1, 000. 11,111. 11, 000701.
11, 100. viii, 110. 000. 111, 007

0111111111 Τ. 1, 000

Alio T. 1,10. 11, 101. 111, 000. 010. 11,
011. 1, 000. m 11, 11. 107. 001.
οΜΜ1Μοωο

000. S. i, 0. 10. 1111. 11. 11, 1. 00.

 

