ccxxxvi

448.11,871 ·
1711111117.111, 181
71141Τ. 11, 448. 111,488. 11, 414

11781111

488. viii, 141. 11, 111. 144. mm.
484. 878

1711111118· 11, 8. 44

νεηοΤ.111,111.11,1.11 111141) 1711111184 ,417

1711111411. 884

17111118. 1,4114. 144

171111111Τ.1,178. 8.1,.4147

17111111Τ.1,888.111,4.44 1444 A
11, 414

’ Mammium

171111Τ.1,484.1111,148.111,488
171111111811, 8. 84
17111111Τ.11,448874.11,4484 1,

848. 11,444.111,141.1,48.8.11,4.

148. A 11, 11
71111111Τ.1,144
1111117. 11,477. 8111, 4. 81
7111111Τ. 14848474 848 11, 448.
484. 744. 111, 418. 484. 811. 11, 4.

184. 414. 484. 844. 784. 1, 481. 487.

84411487

1711111111. 11, 884 111, 788

1711811111Τ.1,818

17111114· 111, 1. 188

11111111.11,11111.111.1111,111

1711111111Τ. 1, 847.· 11, 118. Δ.1, 144

171111Τ. 111, 414. 81, 4. 44

1711111111Τ.· 111, 414. 1, 448

171111111Τ.· 1, 481. 111, 148. 11, 844. 418.
11,784. 1111,18411,844. 1, 848. 8.
11,4.144.1..·.4488.1,444. 117.

711111Τ. 1. 711. 8. 11,414 1,4

17111111Τ.111,448

17111111Τ.111,847.1,884

1711111111 8. 11, 4. 74

17111141181, 8. 44

1711111111Τ. i, 448

8111111411

7111111Τ.1111,148.111.48

1711111111 1, 448

7111114111. 114

17111181, 1. 88

1711117.1,418.111,444.111.448.484.
fflmzwflt.oe.A.fi,w

71111111Τ.11,484. 411418

17111117.·’111,111.11,8·11

1711111Τ. 1,484. 418. 11, 78. 444. x,
188..844 114441114488.11,1.
147.148.17Ι.1,1.484.1,444.
447. 444. iim ¹

1711118111Τ.· 1, 887

1111111111ο1.1,11.8.11,4.44

1711118111Τ.11,488 ,

718μ17511.118.11,111

171111111Τ.· 11, 11. 184. 818. 111, 487·
444. 11, 144. m. 414. 1, 441. 444·

11, 487. 444. 848. 484. 717. 844. 111,

17111118.”· 111, 4. 41
171111111Τ.· 111, 481

1711111111Τ.111,844

1711111Τ.1,44

1711·111111Τ.1,487. 11, 818

1711111Τ.·111,184.478.111444. 1,141.
111, 447. 8.· 1, 4. 48. 11, 7. 48. 1,44.

17111111Τ.·111,488.111,444

1711111111Τ. 111, 848

17111111Τ.,1448.111,848.1,.44 11,
814. 8111448. A.'' 11, 44

17111114 1, 88. 111, 48411, 888. 1, 418

17118181οΤ1μή44. 11, 174. 111, 144. A.
11

17111117. 111, 444. 811, 4. 44

71111117.111,111.11,111 S. 11, 7. 87

1711111111Τ. 111, 41411, 418. S.' 1. 4. 48

1111111189 11, 4. 44. 1, 4. 444

17111111118.111,4. 74

171118.71,4.184

1711111111111, 488

171811114187

1711111118. 111, 1. 174

1111111Τ. 11,.4 111,.418 1,178.111,
484.1111,884.11,.4841,44.11,
418. ximo. 11.·1, 81

1711111118.Ι 11, 4. 48

1711111111Τ.1111,488

1111111141111111

vetanti T. iii, 444

1711111118. 11,4. 118

111111111Τ.1,444

7111111Τ. 1,448. 11, 1111311111

171111Τ.111,848..811,1.44.,11.448

171111Τ.1,4.88 111, 87. 444. 11, 448.
411.111.111,111.118.1ι,11.1,
174. 111488 81,..187 11,1. 14.
11,8.14.Α.1,414

1111111Τ.1,744

Τ111111Τ.11444

1711111111Τ.1,.81111,484..8448.11,

1’111111Τ.1,.481 111,447.11,474.1.
48.11,88.111118148.1111,448.
11, 44. 111, 11. 481. 874. 744

1711111Τ.· 1, 488. 11, 884. 111, 474

1711111111· 1, 488. 111, 184. 1111, 814

171111111Τ.11,84

1711111111Τ.··111,444. 11,87. 41111

1711118. 1, 8. 84

171111Τ.·11,148.111,148

71111111.11.111.11,1111.11

17181114,·· 11, 447

711111Τ.11,181. 1111141111

 

