001111 11011

101000. 11,1.100 Terror T. 111, 101. 000. 11, 100. 11,οα
1010011010 T. 111, 001 1, 000. 111010
1....1·.1,101.011.11,101,1ι1. 11, ται... Τ, i, 111, 11110 111111. iz.
100.000.000.000. 1, 00. 000. 010. 101. 11, 101
000. 11, 070. 700.870.000. 111,000. 1011001011,11,400. 1111, 100
010. 1011001100. ΙΝ. 000. 000. 1011001118.11,0.100
rx. 1014111111. ..aaz m 144. 1011111. 11, 101. samer
100. 0.1,1.00.0,0.00.10. 1111. 1011101,οΗ
00. 00. 111, 0. 01. 111, 0.10. 11, 0. 101111 T. 1111, 100. 0. 11,0. 100
01. 11, 1. 11, 11, 0. 0, Α. 1, 000 101001 T. 11, 101. viii, 000. x, 00
Terre T. 1010011001. 11000. 111, 1011111011.111,00
melo. 11,000. 000. 1, mm. Teum T. 111, 007. 1,17
11, 100. 000. 111,100.100. 000 Tem 0. 11, 0. 10
10111101.1,010. 1,111. 11000. 1111, 1011001000 “
010. 11, 010 1011101011. 11, 101. 11, 110
1011110011,1,110, 010. 10000. iffi, 10111111 Τ. 111, 000
000.11,ὓ1. 111, 00. rm. 1110. 10111111“.1,000
xiim 011011. 11,0. 10. M, 1111110 T. 111, 000
01 Teste T. 1111, 000. x. 000. 011, 010.
1011011. i. 100. 11,00. 111, Ἃ. 000. 1, 0. 001, Δ. 11, 000 '
”80 11, '⁴⁴⁶⁷- Qudne Tffi, Tem· s· 111, 11 π
010. 11, Μ. 000. 1,00.000.700. 10111001 Δ. 1, 000
101 1011111.1,100. 111001. 010. ὓ.
1011011 0. 111, 1. 110 iii. 0. 110
11110111111, 000 1011101 0.11,1,01
11110101 011, 1. m 101101 T. 111, 00. 001. 001. 000. 11, 001.
1010111. 11, 000. x. 001. 001, S. 1,1. 1, 000. 1111, 100. 0.1,0.110
00, Δ,1,.000 1011011100 Τ. x, 000. 000. 0,11,0.11.
11110101, 111,ὅο 11,0.11.111,1.101,1,1.00
1011010010.11,00 'rotem 1.1111, 100
Tenes T· 111,ωο TethyorT.ir,SOE. 11100001
Teratsia-u 1011110111, 11
Terretur T. 11, w. 111000 1011111, iii. 00, Δ, 1, 000
1111101101. 11, 000 ’1011011ιο 0.11,0. 00
Terribilem T. 1, 001. 111101. 0111, 0. Tetigit T. 11101. 011000. 1110.
11 m. 01 141
101111111011.1,000.1,100 101111,11,010.1,011.8.1,0.110
Terribili T. 11, 010 10111011 T. 11, 010. 01, 0. 100
1001011111. m. 000. 111, 000. 1111, 010 10001110. 111, 0. 11. Α. 1, 010
1011100111.111, 001 Teucro· 011,0.0.1,0.100.1,0.010.
10010001 T. 111, 010 Α. 1, 00. 11,000
1011111011. fri, 001 1010111111,Βο
1011111011 T. 111000. 1, 110 101010111,11,100
1011100001, 0. 01 10111. ffi. 000
1011111001 T. 11, 000 1011111 0.111,1. 00
1011110011.1,000 10111 T. 111, 011
10011010 T. 11, 001. 000 Texitur T. 1, 100. 11, 00. S. 111, 1. 00
1010300001.1,000.110. 11,000. x, 10111Τ.1,000.111,010.0.11,1.100
000 10110101.111,011.11,000.111,000,ι,00
Terrigenu T. 11, 010. 1111,οἨ 1010111011, 0. 00
Tenis T. 1,110.000. 11,000.000. 111, 1111111011.1,000.000.11,000.111,100.
0011081. 11,00. 000. 1, 001. 11, 11,100. 1,110.000. 111,000. 1111,
⁸1¹· ”Te ffi, ιω· me Χ, T„- owe ⁶⁰⁸· S· 1, ²0 ¹³8· 1ss
- 710 Thalamis T. 1, 010000. 000. 11, 000.
1011111Τ,11,000. 111, 000 111, 000. 11, 000. 700. ⁷⁵2. 1,110. 01.
1111111011,11,011. 000, 111000. 11, 000. 111000. 1111, 000. Sd. 0. 0.
J 01101410 01110 rra. 11101. 11, r. 11 1110. 11,
Territus T. 1, 000. 11, 010. 11, 000 101. 000

 

