6. 66618881 6666188666. 18816188. Ι11117

111 1166688168] 1886688816 ro· 6861, Quom-»error nonque 1818·
61868. 11668. 6166 1681811, Inclinat 8816888, 8618686
671 1116 11668668 ubre] 16811686 168668186868,111866686886“61661888
861688,816818681818161686116118,81 66661861 66183 (1886686 86616688
virgil. ⁴ 116668686686 816666816188· 8661 ’18611668 818681. ιιι. *8166 66·
66116668] 0886188] 86168118 Arue- 6868, 886 686168118 8666661816888·
6166166101. 118811 1888868, 8166 8868116686]
,676 1186881668 888681818116611 881 116688 8168186668 666 8866811818.
18686161611688. 18168 1611, 8166 66616818 8168 661168·
6188818 8866866] Non 6161616 ’16- 11816666166611111668868 6166661618·
18616 6868866868 681, 861 68666818 6881. 1186161888 1686 111. ιι. ‘Seu
parvitatem. 11668. 6688 686681 8861 8186811111811188
688 11188688 6668681688] 1188 1686· 88618 81683 Bm.

» querum, 661 propiore· 66661, 61116 617 816Ρ86118616] 1186 1116116686·

1616861861686, 661 1666166816868 8· 186 Prognen 81 Philum, qn
6861, 61 6866 811166686 866 6618681. 8118866611· 66661 Ρ86118818, 88 686
· m. 8866661188 886186681116668688

681Ε1818811116161668861668618. 886 8166861, ,61 811118 ι11186 81688
16188161 8166 6818 6861186186 68868) M

687 1188811] 1688168611 8166 686· 688668 6618111 ι8861166686 866888,’ 888
688811. 1881861. 6168186888. 18881681.

688 11681181188181111166661161816 888 1166610861688 8681188 188
661116668811868. 618666666ίὶ668, 816188 8166116811868

688 ,168861 168888] 811686611611 666186666111688.

6616681861861. 118 8161666681611· 881 mamam] 111188 88118
61188666 6886188 16188816 18881868 88686118 668 61116868 1866618, 6618
referret. 11888. 18186 8661 6686 6111688. 1166.

681 1116186816] Ostendit 66888 mo· 887 ’1166166688 86888] Ermum·
, 6166118116661161686181886 18168616, qnod 1116 611686 11616888 16 8668618,
6186611681186 81 1116186166 1881688· 6888 1888888668 16 6818. 11868.
6868168618 6116668166. 11881. 818 1168618 688] 1116686186 686188·

188 Farris 1168] 06168 186868 Atyn 8116166166 61661818 181181 1161188
866 181111 11666668 6186668 86681661· 6661166868 661166616888868. Iden.
Ιί· [1118- 611 Nor 868816 88686] 11161188 6868

881 Ner 1868111681 11611] 168118· 818666661118686886661888668118.11888.
16611168 68166861666168, 686 66· 868 1186661188] Ab hortibus 1118868·
666681861118618861. 11688. 166 11888.

1181 Tetricam 88881116] Qui 1666· 811 016688] Nm 86686 61668868
6868118 8666668 1188811, 61 11166686 1668181881. 1186.
616811668111686166166861816811· 816 888886816108181161668668·
1866881161818668686666111. 11868. 81181861. 11688.

888 1868618 668188] 11186161168116· 811 18886888] 1111168686. Iden..
1811868. 11868. 818 18611166 868] cunr 61116866186

811 Ner 88618] 11 88888118 6668· 6668668 6888 11186668 6188 868688.
8811111. 11688. lm

818 ructu 6666881648681] 116181 866 Iamque 1888188668Λῦ11]
816616618686686, 661 erga 86186668 8661611 1118618 18 188188 181116 6681

8668666 868618 668668. 1868818 86811 686618 81888861 688186168686111 ’

88161668 11166 8186166868 ’1186186188 661868 ’18866818688666116161866
1111886686 68886618 11116868 616616 6881186688 16816 116118 66186, 8688·

 

