1 ’ 11111

11111111 Τ. 111, 66

1.

1111111Τ.11,86
110611οΤ117,ιὶ6· Vffi, ⁴⁰,
111111 Τ. 11, 166. 11161
11116111 T. 111, 676. 11, 167. 1111, 668.
1,867
ιηω11116168111
11116111. 1111
1111118. 111668. 1, 886. 111, 868. 8.
11,6.16
mont Τ. 11666. 111866. 1,168. 1,
116. 666. 11676. 766. 8. 11, 6. 66
luentem Τ. 1, 716. 11161111. 111,
116. 11, 686. 667. 111, 87. 1111, 666.
766. 11,8. 878. 8. 11, 8. 76
11111111 Τ. 1, 876. 11718. 111, 887.
666766
1111111 Τ. 1, 888. 1111666. 667. 111,
166. Ι.11,6.77
111111111Τ. 1118. 8. 111, 8. 66
1111161 T. 111, 666. 11, 166. 111666.
x. 881. 688. 11, 16. 11186. 8.11, 1.
ηωηῃιη1ωη1ω
11111111. vium. ..111411 11,
1111ο T. 11, 868
1111117.111668
ωπηω1πψψω
11111 T. 11, 168. 1, 686. 11, 66. 11886.
111888
11111 T. iii, 886. 11, 616. 1616. 666.
’ 11, 666. 868. 111, 667. 666. 1111, 671.
666. 666. 11, 17. 868. 1,66. 166.
616. 11, 6. 661. 768. 111, 661. 8. 1,
666. 11, 8. 66
1111111 Τ. 111, 166
1111111 Α. 11866
1111111111. 11886. 1111787. 11,
11111117. 111, 777
1111111111 Τ. 11, 671
11111111 T. 1, 88. 111668
1111111111 Τ. 11, 656. S. iv, 1. 6
1111111111. 111, 161. 11, 686. S. 11, 8.
1111111 Τ. 11, 668. 11, 666
111111 T. 111, 686
1111111111, 666. 668. 817. 1, 666
hemis T. 111, 18
11111111 Τ. 11, 887
1111111111 Τ. 11, 766
Jnctet Τ. xi. 11, S. i, s. 11
111111 Τ. 1, 611
11111 Τ. 11, 811
mfflffimffimmz

1117111 Τ. 1, 686. 111, m. 1111, 666. 7.
618. aii. 6. 86. Δ. 11, 867 ,

1111111741. 111766. 1111, 666. 1, 866.
111, 6

111111 Τ. 111, 867. 111, 67. 811, 1. 188

1111111. 11676

1111116111 Τ. 11, 688

1111116161 Τ. 1, 766

1111111111) Τ. 11, 186

suculam T. 111, 668

1111111111 Τ. 111, 168

1111Ιί1 Τ. 11, 686. 618. 11, 886. 688.
viii, 411. 11111111). mm

111111 Τ. 11, 666. 11866. 787. 111711.
81118186. A. ii, 188 ·

11111111Τ.11,886.111,787. 1111, 686.
11, 166. 1. 766

1111611811. 8. 116

1111 81, 6. 8. 11, 6. 18. 11, 8.6

suino. Τ. 11, 66. 11618. 81, 8. 86.
111. 8. 118. 1, 8. 876

11111 Τ. 11168. 8. 11, 8. 67. 1, 6. 867

111111 8. 11, 8. 61

Jfflfll s. 16, 6· ¹³· “a s· 17, ²· σι

11111161 Τ. 1, 616

11ρί1 Τ. 111, 766

Iasiden T. 1111, 688

1111611 Τ. 1, 661. 11, 866. 11611

111111 T. 11816

11111 Τ. 1, 668. 666. 671. 676. 786

111111 Τ. 111, 681 ’ ’

sunni· A. 1, 66

11111161 Τ. 11, 866

lupide T. iv, 876. 111, 666

Ibem 8111661. 1,8. 11

Ibant Τ. 11, 886. 1, 6. 11, 168. Α. 11,

11117. 1, 668. 11, 688. 111, 688. v. 666·
1111717111· 11111111·
11, 816. 111, 866. 816. 8. 1, 6. 116.
Α. 11, 1. 816. 686

16111 Τ. 1, 168

Iberi T. 11, 886. 8. 11, 6. 168

Iberia 8. 111, 8. 86

161111 Τ. 11866

Ibero· 8. 1, 8. 186

Ibimus T. 111, 667. 1, 866. 8. 11, 1. 818.

1611 Τ. 11, 868. 111168. 11866. 8. 111,
6. 88. 11, 8. 156. 11, 6. 61. 1, 8. 188

11111. 11, 681. 1, 768. 11, 886. 11, 616.
8.1, 1. 67

Ibitis T. 11, 666. 11, 866. 8. 11, 8. 86

Μωωηῆωψηᾶῆ
8. 66. Α. i, 68

Ibunt A. 1, 668

Ibycus 8. 1, 8.168

1111711111

 

