114 8ΤΑΤ11111.

1166162141. 401. 11, 102. 111, 2. 119.
141. 168. 681. 688. 11, 86. 410. 418.
1, 19. 82. 191. 266. 111416. 1111,
628. 692. 11, 116. 198. 1, 202. 812.
11,140.111.620. 111224. 282101.
1,61..18 ,1..94 1262821981,
1.11.1,·4..118111,..66111,6.94.
11,8..10 1,1..1212901,..414
A.'1. 666. 11, 11. 289

Ν661661Τ.· 1, 69. 161. 499. 629. 11,
14.118.66·0.111,141. 11,648. 1,

cxlix

nomeu T· 11, 8ω16ω6 67, 7181 V, m·
141. 111212142. 111269. 1111,
684. 644. 649. 11, 64. 111, 116. 8.1,
1. 8. 61. 11, 4. 29. 1, 1. 94. 1, 6. 86.
A. 1, 414. 618. 11169

11616112 1, 266

1161111662 11, 11. 291 111. 111, 491.
16101626 8.11,.141. 1,6.10.
Α.·.1,1111,66..126110

8661662111, 401. 1,.11118,411. 111,
281101.1,211.11,246.···8.11,2.1.

111. 11, 816. 166. 111198899. 1111, 111, 1. 64. 82. 11, 8. 66

666 680 11,600. 1·,41.169. 298.
212188. 111,..66181,.2241. 116.
11. ,11161

116616121, 116.· 111, 16. 218. 1, 12. 461.
111, 189. 601. 11, 616. 622. 111, 896.
486.8.1,..21111,1210.·.211 111,
6. 14. A. 1, 611

Ν6611211210. 1126. 8. 1,.690

Ν661166181,1.46.·111,6.1

Ν66111Τ.1, 211. 412. 441. 11, 99. 96.
111. 149. 111, 61. 68. 116. 11, 262.
112. 1,6.4196.241.11,291. 1111,
144.· 11, 61. 616. 1, 16. 64. 114. 211.
81116616681666112101
11,..46111,.142.1,1...22961,
461. 649

866111136Τ111Α20

NoetivagaeSJ 111, 6. 191

Ν6611163121, 168

1166111131162111, 112

116616161Τ.·· 11, 486. 1114611696. 11,
161.1.111,1.111.11.1,61

Ν6616ωεΤ.·· 111, 611. 1, 249

1116666111161

1966ῑῖ161 Τ· 11,420. 1, 299. 621. 111,

nocturnam· 1, 661. 624

86616166162111, 489. 1, 111

Ν661616111ΤῙ 11, 240

Ν6111168111, 1. 161. A. 11, 441

1166116211, 211

1161116612· 6, 291

1164121, 119

Ν61111Τ.· 11, 266. 11, 844. 11, 681

Νο1162··11,218.11,·214

11166612111111890. 81181

6166611211, 619. 111, 619

, 1161161662· 1, 114

Ν611611161 8.1,6 69

1166616211646

1161661612· 11, 821

6161666661 Τ. 1, 810

11611811, 1.16

11611618· 111, 1. 101

11616111, 260

Νο61111661·8.1,6. 16112. 91

Ν661161661Τ.11, 461

Νο61111162· 11290

1166611161

1166616112 11, 482

11616612 1111, 92

1161661211142. 111, 606

1961618111, 4. 68. 1,.246

116161112111169 8.1,260

Ν616118.·· 111, 2. 101

Ν6166661Τ.·· 11, 151

Ν6166611121425

Ν616616Τ. 1, 41. 111. 464. 111, 621. 1,
46811811611. 111, 11. 814. 81,
8811816

Ν61661Τ.·1,81.11,811.8.11,4.9

116161211, 614. 1,169

11616112 11,62. 11, 601. 11, 110. 111,

Nascitur S. v, 1. 112

ΝΜΟ 161ῐώ6οι Bm· 111, ⁴³90 s·
1216

1161666126, 411

Ν616621,14·1..466 11, 1621111.111
11,111.·1,.6918.1,1.16. 1,.2242.
111,4..6211166011410011,.
890. 121, 111

1161161 Τ. 11186

Not· 21682. 11, 96. 261. 111110.
11, 126. 161. 1, 106. 496. 641. 11,
18661. 11, 682. 686. 11469. 111,
168. 811696. 111, 6. 44. 1,1.86.
A. 11, 61

19666118· 1, 6. 41

ΝῪ2,.,11460.144.11,914.11,988

1 611

11616111.. 11. 11, 680

11616612 111, 442. 11, 466

Ν616111Τ.“ 11,.611 111110

11616112· 111, ···42

1161612 1, 116. 649. 111, 102· 11,606.
8.111, 1. ·64. A.‘· 11, 811

1161111612 11, 482

1111612111, 46. viii, 161. 8.11, 6162.
1, 1. 11. 160

1161111261, 168

11661616, 1.129. 1, 1. 161

 

