' 111 STATTUM.

Insanus A. 1, 448

Insatiabilis 1. 1111

1111111111 Τ. 11, 866. 111, 18

111111 T. 1, 666. S. iii, 1. 88

11111111 T. 111, 868. 11, 768. 11, 676. 8.

11. 11

Inscripta T. 1111, 876

1111111111 S. 11, 6. 84

[1111111118111. 1. 46

11116111 S. 111, 1. 76

insedisse S. v, 8. 167

Insequitur T. 11, 667. 111, 668. 8. 11, 8.
.18. Δ.1,174

Insequar T. 111, 86

1111111111 S. 1, 6. 81

luterem T. 11, 81

11111111 Τ. 11, 711. 1, 886

111111ρί1 T. 1, 846

11111111 T. 1, 81. 11, 888

1111111111 T. 11, 661. 111, 468

11111111 S. 11, 6. 6. 111, 6. 87

1111111111 T. 111, 666

11111111 Τ. 1, 688. 11, 884. 8. 1, 8.8

1111111111 Τ. 11, 866

1111111111 Τ. 1, 886

1111111111 T. 11, 886. 1111, 184

11111111 S. 1, 8. 44. 1, 6. 78

111111111Τ.1,866

1111111Τ. 111886. S. 1, 1. 66

11111111 T. xii, 648

’1111161111 Τ. 11, 481

1111111111 T. 111, 864

1111111111 T. 1111. 846

1111111116, 666. 11, 161. 111, 68

1111611111 T. 111, 648

11116111 T. 11, 861. 111, 888. A. 1166.
⁶⁶8· Aofi, πε

1111111111 T. 11, 467. 111, 867. 488. 1111,
184. 1, 668

1111161111 T. vi, 888. 8. 1, 4. 67. A. 1,

1111611111 Τ. 11, 86

1111161111 T. ii, 161. 11, 488

Insigne T. 1, 678. 1, 448. 11668. 111,
481. 81687. 11,8. 18 ·

ῘΠΙ18110111Τ11,6691 ,111, ST& Gn· 118
768. 1, 774. 1171. 811, 18. A.
11868

Insigne· T. 11, 886. 11, 678. 11, 867

11113118. 1, 8846

Insigni· T. 11, 861. 1, 447. 11, 86. 648.
VAS, ³²⁶· ι, 2⁶⁴· xSp ⁸2· 1⁴⁵

Insignibant T. 111, 66

Insignibus T. 11, 814. 1111, 66. 1. 6

Insignis Τ. 11, 681. 111876. 1111187.
11, 888. x. 868. 8. 1, 6. 88. 1118. 8.
111. 111116

11111111 Τ. 11, 866

1111111111 Τ. 11, 886

1111111111 Aji, 866

1111111111 8. 1, 6. 86

1111111111 Τ. 111116. 8. 11, 1. 884

1111111111 Τ. 1, 448

1111111111 Τ. 111, 487

1111111 Τ. 111, 766

1111111 T. 1, 466

1111111111 S. 11, 7. 187

11111111 Τ. 11, 487. 1111, 846

1111111111 Τ. 1, 481

1111111111 T. 11, 74. 111464

1111111111 Τ. 111, 886

111111111 Τ. 1, 648

1111111111 Τ. 1, 888

1111111116. 11, 7. 114

11111111 Τ. 11, 486. 1111, 676. 786

1111111111 T. 11, 8661176166. S. 11, 1.
886. 8111817. Α.1, 116

11111111 Τ. 11, 448. 666. 111, 688

1111111111 Τ. 11, 464. A. 11, 888

1111111111 Τ. 11, 668. 8. 111, M

Impectante Τ. 11, 67

1111111111 8. 1, 1. 86. A. 11, 414

11111111 Τ. 1111. 187

Inspectum T. 11, 746

1111111111 Τ. 11786

11111111 Τ. 11, 641

1111111111 Τ. 111, 176

Inspicit T. 11, 186

Inspicitur T. 111141

1111111111 Τ. 11664. 8. 1, 8. 164

1111111111 Τ. 111, 178

1111111111 Τ. 1111686 ,

1111116111 Τ. 1, 874. A. 1888

1111111111 Τ. 1, 886

11111111 Τ. 111, 686. 11, 648. 1, 666. 11,
886. 111.18.11,487

1111111111 Τ. 1, 668. 11864. 111, 8

1111111111 Τ. 11, 888. 111, 781. 11, 776.
x, 467. 111, 468. 8111, 1. 88

11111111 S. 1, 8. 866

1111111Τ. 1, 416. 11, 861. 868. 11, 468.

’ 1,861

11111111 Τ. 11, 868

1111117.11,1811

1111111 Τ. 1111. 11668. 11, 84. 476.
778. 676. 11,666. 1186848. Si,
6. 46. 1, 1. 81

1116111611 Τ. 11, 748

1111111111 Τ. 11, 468

1111111111Τ. 1616. 1188. 1,6. 111,
61. 8.11,1.18

1111111111Τ.11,888

1111111111 T. xii, 686

1111111111 8. 1, 4. 18

1111111111. 111, 818

1111111111 Τ. 11, 874. 11668

1111131611Τ.1,168

 

