888 88888081. lxxix

PerittteT. 888. 708 88888Τ, 88, 007 88, 080. 8, 000. 008,
888811888Τ.88, 8⁰⁰. A. 8,100 88, 807. 8888,000, 8,.00 700. 8.88,,4
ΤαῐοΤη880.88,.18088,078.88,.0 00..ηοΙο

7881180 80880 ,180 8808088887.οδ

88818888 S.' 88, 0. 07 1011808918, 178. 8. 888, 0. 71. 88, 8. 08 .

Ferocis 8. 88, 7. 70. 8, 8.4⁰. 110 Τε8188Τ.· 1, 000. 88, 168. 888, 100
FerocioresS. 8,0. 04 ἙοήιπΤ. 8, 04, 88, 00. 800. 000. 8888,
Feror''.'1 888, 80. 88, 48⁰ 88⁰.' 18, 800. 8. 100. 88, 107. 8.88,
Τε8ο8Τ.· 8, 080. 700. 88,680. S. 88, 1. 04006, 88, 8. 100.· 18, 0. 7·0. 8,.188.
108 11006
888118Τῦ 81, 710. 88. 848. 88, 800. 687. renent’T. 8, 88⁰. 88007 081 88,
8,8,.0.7·8,,,8880οΑ,88·,101 8.01.,Α8,..08008·88,81
8881888Τ. 888, 760 188888888Τ588, 701
Ferme Τ. 8,010 FervereT' 8, 000. 8, 100. x. 008
renati Τ. i, 011 FervetTf11,88. 888,100. 888701. 88,
188888888Τ. 888, 04 710. 88, 0. 080. 818410·
FermtoT. iv, 880. 888, 000. 88, 00 1888886188Τᾋ888, 001. 88, 070, 788, 888,
8888888888 Τ viii. 708 170. 88, 000
0888881088, 000 88818880· 8, 458. 080. 008· 18, 00. 008,
088880· 8,178.800. 11. 000, 888, 606. 81, 118. ⁰48. 888, 88810, 000. 010.
600, 88, 800. 848. v. 087. 88, 088. 888,00. 88. 000. 88, 6. 000. 880. 8,
708, 888. 800. 8888, 018. 816. 001,· 88, 00. 00. 780. 88, 8⁰8. 8.8,0. 10
800. 8..088 88, 801. 888, 800. 8. 8, 0881188888Τῦ 88, 080 810, 88, 78. 107.
0.,00 78188. ’88, 1. 160. 888,4, 77. 888, 806. A.ii, 080
v, 8. 100. Α.8, 100. 808. 007 88, 08 FenorT. 88, 817. 8.8,8.80
1888888081.θο 88, 81, 888. 181. 588. FerumT. 8888, 70. 8.8,0.00
80188881. 600. 8, 880. 888, 48. FerusT.' 18, 886, 0003 888, 00 78 8, 007.
viii, 06. 410, 8000 88, 818. 700, 818, 187. 080· 8888,
Fem18.v. 8. 10 448. 88, 100 007 000. 008. 780. x,
FerreusT.'' 11, 000 067. 818. 800. 000. 88, 008. ⁷18.

18888812· 1, 148. iv,l48. 061. 888. 88, 888, 488. 8.8,0. 101. Λ.8,810. 88,
80. 888, 00. 088. ⁰4⁰. viii, 100. 88, 178 000
088, 000. 800. 8, 080. 81, 000 888. 1888811Τ.·· 818, 088. 88, 081. 88, 870. 888,

600. 8.8,0.08.88,8.1. 8,1.80. v, 080.8888·,000.080.88,088. 8.88,0.
0. 170. A. 88, 808 08. im. 10. A. 8, 000

FerroT. 8, 80. 000. 0888801881. 188888888Τ. 88. 780. 8. 88, 8, 00
080- 608. iii, 170. 8⁷⁰. 4⁰⁰. 81⁰. 88, Fessi T. 111‚868. S. iii, 8· 80. A. 8, 000

9. 41. 86. 061. 010. 676. 708, 8.807. 1888888·Ι·.88,86. 88, 706. 800. mm. .

1⁵1. 160. 010. 864. 081. 680. 660. 18, 888, 001. viii. 010, 888, 008. S. 88, 8.

00. 100. 007. 780. 011. 888, 48· 06. 8⁰. 88,0.100 ·

100. 011 888. 600. 700. viii. 481. FeawT. 888, 884. 888, 708. S. 8, 1. 87.

080. 18, 020. 888. 000, 000. 670. x, 8, 8. 88

0. 171. 010 080. 008. 88, 000. 888, 1818881181·.·88, 00. 108. 88, 770. 8888100.

68067781107180018881 8.8,0,.0080.0

184. 88, 0. 01. A. 8, 160, 081. 607 0888888180, 800. 88, 008. 888. 867. 8,

88860008 688,888,000..88.·0...870 ,181
Ferruginean.'1.8⁰⁰ 8818188Τ,·” 888, 800. v, 8⁰. 8⁰8. 88, 800.
0888808880Τῦ 81,18 88, 7. 8.8,.1 08. ii, l. 10. 88, 4. 88.
ferrum'l'. 8,.018 81070 888, 80, 88. 888,0, 18. 8,.00

88, 00. 087800 v, 180 88107000 8818808, 000. 888, 870, 88, 801. 88,

007. 881,00.00. 81⁰. 1118100010, 10. 0008. 1, 0. 080· 18, 7. 00 888,1.

448. 88, 10. 81. 760700. x, 286. 08.·888,0. 106. i1i,8. 00. 100

008, 061. 818. 807. 88, 88. 000. 060. 1888180180. 88

681. 080. 888, 007, 080. 700. 8. 1, 8888181Τῦ 88, 88. 88, 84⁰. 8,101. 888,1.

07081810081100018187 70,888,0·.70.88·,86
181188880681. 88, 180. 000. 888, Festina. 88, 800, 8, 700. 888,100. 88,

8⁰ 11. 088. 080. 8888, 8⁰1. 88, 000, 716. 88, 100, Α.1, 100

88, 077 8.“ 88. 0, 80. 888, 8. 007. 88,Τ188888881188·8.88,1.800

0. 4⁰. A.i,48 · 188188888ῑί88.“ 818, 4. 84

 

