ιιι 11111111. ccxxix

Τ111111Τ,,11788.,8.1,818 11,8.881,.888
ΤιίιοιιοιΑὒ ι, 88 Τ11111111Τ.· ιι, 711. ι, Ι888. 111, 88
Τι11111111Τ,’ 11, 888788. 111,88. 1111, Τ1111111Τ.1,888.111,1118,1111,888
8887118788 11,87.1,88.8 111,Τ111111111Τ.1111,871,11,888
887, 81,1,11.ἰῐ,1.111.’1,ὶ.111, Τ111Τ.11,888 111,88888811,788,1
11,88 , 11,888,11,1,188.11,8,,8Δ.1,
Τ11111111818.“ ιι, 7. 88 888
Tritonis T. 111, 188 ΤιιοιιΤ, Ι11, 188
Τ1111ιΤ,11,888. 11,888,818. 1, 888, Τ11111Τ. 11, 881. 1, 888. 11,811. 88111,
8111118811 888. A. 1,8 11, 881
ΤιίιίιιιιιΤ, 11, 888 Τ1811Τ.“’111,888,788,11,88,888, 11,
Τ1111111111101Τ.111,181 881). 111, 888. 1, 781, 887.11,888.
1111111111ιί8 1111888. 111,88.881,818.111,788,8,111,1.188
8,11,1,181.8.11,1118 Τ11111ιιΔ.’ 11, 81
Τ1111111111111Τ, 111, 888 Τιι1ιιιιιιιιΤ. 1111, 188. 11, 888. 888
ΤιίιιπιρΙιοΤ.’ ιι, 888. 1, 888. 1, 878. Τ111111Τ.·· ιι, 718. 11, 881. 11,187. 111,
111, 188,817.8,’“ιιι,8.118. 171 11178187.1111,888,1,888.8,111
Τ111111ιρ1181Τ,1,18,11, 878, 111,.118 1.181,1,8.188
11, 8, 188. 11, 8, 78. iv, 8. 78 ΤιιοιιάοΤΰ ιι, 888
Τ1111111111111111Τ,111,818.111,878, 8,1,8. Τ111111Τ.“11,888.111,81,11,888. 111,
Τ111111118,·“11β78 Τιιειι1αΤ,1,8·17,Α.1,888
ΤιωκιιΤ,· 11, 81 Τ11111Τ.1,881.11,888.111,788
Τιυ11Τ.1,888. 8,1ι,8,88. Α,1,.7888, ΤιιιειιιιιιΤ.Ι ι, 888. 11, 780, 1111, 788. 1,
11,.188817 leomsimo
Τιο1118.1,,8188.11,,.111711,,8188, Τ11111Τ.11,87. 11,881. 8111877
1, 8. 188. 8,·1, 888, 1188818 11,8. 18
Τιο111111Τ,1,“888,’ 8.·’11 1,188 Τ111111Τ,11,118,8,1Ι,8.88
Τιυ]1111Τ.1111,,888 Am 1,,8 Τ11111111Τ,1,818
118.ι1,““11,888 ΤυΙοιοΤ.Ι ι, 178
Τ1111.11111811,.8.88 1,8188 Τ11111118.1ι,7.88..811,88
Τιο11118,1,8,188,11,,181.11,8. Τ11111118.11,,.8188Δ,1,888
188 Τ111Τ.1,78,111,817.11,187,1,888,
Τιοίω18.1,..18811,,8188 , 8,111,1,,188111,8881,,.8887
Troilon S. 11, 8. 88 888
Τ111111118.1,8.181 Τ111111111Τ,111,888,1111,888
Trophm 8.11,1,88 Τ1111111181, 1'. 81
ΤιορΙιωίιΤ.1,88. 8,11,8,88 Τ1111181Τ,’11,8811.8.11“1,11188.1,8,
’1111111181118 11,888,111,888,788 888
Tmen Τ. 111, 877. 11, 81888. 11, 888, Τ11111111Τ.11,888. A. 11,888
,1114741 Vm, ¹⁸⁷· 1,,51 92· XT, 'no Τ1111811Τ11,2311, s· 111,,1461 8,· Α· 11,
878. S. 111, 1. 88, iiia. 117 877
Τ111118111Τ. 11, 888, 111,878, 8. ι, 1111111111.1111111111.1.1111.
8.8 1111, 888. 11, 88, 888788, 881. 11,
Τ111111Τ,111,88,11,88.11,171.1,1878811888,111,811,8,1,1.87,1,8,
111,8.,1111.1,11,11 11,11.ι.11.11,1.11.1111111.
Τ111811111101Τ, 11, 887 . 11,1.8Ι,1,8,171,8,881,1,5.
Tmculentm T. 1, 888 18, A. i, 881. 11, 888, 888
Trana Τ. 1, 877, 111, 188. 11,78,888, Τ11111111 S. 1, 8. 888
1, 888, 1111, 8. 11, 888. 1,888 Tumebnt T. 11, 88
Trunca T. 111, 888, A. 1, 118 Τ11111111111 Τ, 11, 818
’1111111111Τά1, 187, 1111, 888 Τιιιιιο1ιο1ιιι Τ. 1, 188
’1111111111 Τ. 111, 178 Tumens T. 18, 888.,11, 888
Τ111111118.1,8,88 Τιιιιιειι1Τ, ι, 118, 11,818
Τ11111111 Τ. 1, 881 Τ11111111111Τ.1,888.11,878. 8111. ,
Τ11111α1111Τ. 11, 888 88
1111111,.11,1181.1,1.11 Τ11111111181111,88.888 s 1 Mt).
Tmncin'l'. 11, 88, 1111888 A. 1, 888 ,
11111118, 11, 881, 11, 888, 111, 878 8. Τ111111111118,11,888

 

